scons: Reading SConscript files ...
scons: done reading SConscript files.
scons: Building targets ...
misc/run_cmd ...
Timer interval: 400000
POK kernel initialized
# Vertical Speed control: 0 m/s -> 2.5 m/s and Airspeed: 230 m/s
# Column headers are:
# - T: simulation time [s] 
# - Va: airspeed [m/s]
# - az: normal acceleration [m/s^2] 
# - q: pitch rate [rad/s] 
# - Vz: vertical speed [m/s] 
# - h: altitude [m] 
# - delta_th_c: commanded throttle [-] 
# - delta_e_c: commanded elevator deflection [rad] 
# T, Va, Az, q, Vz, h, delta_th_c, delta_e_c
0.00000000000000,230.000015258789062,0.053991317749023,0.000000000000000,0.000000000000000,10000.000000000000000,1.586866021156311,0.012009616009891
0.03300000000000,229.976623535156250,0.000669479370117,0.000902735977433,0.002402305603027,10000.000000000000000,1.586858630180358,0.012028686702251
0.06600000000000,229.976638793945312,-0.003164291381835,0.000889764225576,0.002423286437988,10000.000000000000000,1.587169170379638,0.012054343707859
0.09900000000000,229.976654052734375,-0.006871223449707,0.000875731697306,0.002318382263183,10000.000000000000000,1.588006854057312,0.012102176435291
0.13200000000000,229.976638793945312,-0.010501861572265,0.000860693980939,0.002091884613037,10000.000000000000000,1.589215159416198,0.012162713333964
0.16500000000000,229.976623535156250,-0.014062881469726,0.000843731162603,0.001745700836181,10000.000000000000000,1.590661764144897,0.012229222804307
0.19800000000000,229.976593017578125,-0.017568588256835,0.000823992595542,0.001282215118408,10000.000000000000000,1.592237234115600,0.012297455221414
0.23100000000000,229.976562500000000,-0.020999908447265,0.000800149631686,0.000703334808349,10000.000000000000000,1.593852639198303,0.012364968657493
0.26400000000000,229.976516723632812,-0.024306297302246,0.000771069666370,0.000010967254638,10000.000000000000000,1.595436096191406,0.012430451810359
0.29700000000000,229.976470947265625,-0.027437210083007,0.000736227142624,-0.000789642333984,10000.000000000000000,1.596931099891662,0.012493191286921
0.33000000000000,229.976409912109375,-0.030352592468261,0.000695628754328,-0.001693725585937,10000.000000000000000,1.598293185234069,0.012552745640277
0.36300000000000,229.976348876953125,-0.033030509948730,0.000649560126475,-0.002693653106689,10000.000000000000000,1.599496603012085,0.012608782388269
0.39600000000000,229.976287841796875,-0.035449981689453,0.000598394661210,-0.003782749176025,10000.000000000000000,1.600502490997314,0.012661028653383
0.42900000000000,229.976211547851562,-0.037592887878417,0.000542518508154,-0.004951000213623,10000.000000000000000,1.601295232772827,0.012709263712167
0.46200000000000,229.976135253906250,-0.039444923400878,0.000482323550386,-0.006190299987792,10000.000000000000000,1.601873517036438,0.012753336690366
0.49500000000000,229.976043701171875,-0.040991783142089,0.000418218551203,-0.007489681243896,10000.000000000000000,1.602234601974487,0.012793166562914
0.52800000000000,229.975952148437500,-0.042219161987304,0.000350633170455,-0.008840560913085,10000.000000000000000,1.602388143539428,0.012828751467168
0.56100000000000,229.975860595703125,-0.043119430541992,0.000280014530289,-0.010231494903564,10000.000000000000000,1.602325320243835,0.012860158458352
0.59400000000000,229.975769042968750,-0.043685913085937,0.000206820128369,-0.011652469635009,10000.000000000000000,1.602062940597534,0.012887515127658
0.62700000000000,229.975692749023437,-0.043912887573242,0.000131509499624,-0.013092517852783,10000.000000000000000,1.601612567901611,0.012911001220345
0.66000000000000,229.975585937500000,-0.043799400329589,0.000054537493269,-0.014539718627929,10000.000000000000000,1.600980520248413,0.012930834665894
0.69300000000000,229.975509643554687,-0.043345451354980,-0.000023651380615,-0.015982627868652,10000.000000000000000,1.600181341171264,0.012947261333465
0.72600000000000,229.975418090820312,-0.042549133300781,-0.000102628408058,-0.017411708831787,10000.000976562500000,1.599238038063049,0.012960547581315
0.75900000000000,229.975341796875000,-0.041416168212890,-0.000181984563823,-0.018813610076904,10000.001953125000000,1.598159432411193,0.012970970943570
0.79200000000000,229.975280761718750,-0.039955139160156,-0.000261334294918,-0.020179748535156,10000.002929687500000,1.596961498260498,0.012978811748325
0.82500000000000,229.975204467773437,-0.038171768188476,-0.000340317637892,-0.021496295928955,10000.003906250000000,1.595667839050293,0.012984354048967
0.85800000000000,229.975128173828125,-0.036068916320800,-0.000418601557612,-0.022754669189453,10000.004882812500000,1.594286441802978,0.012987879104912
0.89100000000000,229.975067138671875,-0.033667564392089,-0.000495881598908,-0.023943901062011,10000.005859375000000,1.592840075492858,0.012989657931029
0.92400000000000,229.975021362304687,-0.030976295471191,-0.000571881188079,-0.025053977966308,10000.006835937500000,1.591343164443969,0.012989954091608
0.95700000000000,229.974960327148437,-0.027999877929687,-0.000646352651529,-0.026075363159179,10000.007812500000000,1.589802026748657,0.012989022769033
0.99000000000000,229.974929809570312,-0.024755477905273,-0.000719076371751,-0.026998043060302,10000.008789062500000,1.588236808776855,0.012987103313207
1.02300000000000,229.974868774414062,-0.021255493164062,-0.000789860147051,-0.027813434600830,10000.009765625000000,1.586652159690857,0.012984420172870
1.05600000000000,229.974822998046875,-0.017515182495117,-0.000858538434840,-0.028514385223388,10000.010742187500000,1.585066676139831,0.012981184758245
1.08900000000000,229.974807739257812,-0.013553619384765,-0.000924971303902,-0.029092311859130,10000.011718750000000,1.583475589752197,0.012977592647075
1.12200000000000,229.974807739257812,-0.009379386901855,-0.000989043619483,-0.029539108276367,10000.012695312500000,1.581895589828491,0.012973825447261
1.15500000000000,229.974792480468750,-0.005004882812500,-0.001050662831403,-0.029848575592041,10000.013671875000000,1.580327391624450,0.012970049865543
1.18800000000000,229.974792480468750,-0.000452995300292,-0.001109758275561,-0.030013561248779,10000.014648437500000,1.578785896301269,0.012966414913535
1.22100000000000,229.974792480468750,0.004268646240234,-0.001166279544122,-0.030028820037841,10000.015625000000000,1.577285170555114,0.012963055633008
1.25400000000000,229.974792480468750,0.009138107299804,-0.001220195204950,-0.029888153076171,10000.016601562500000,1.575823426246643,0.012960094958543
1.28700000000000,229.974807739257812,0.014145851135253,-0.001271491637453,-0.029586315155029,10000.017578125000000,1.574413180351257,0.012957639060914
1.32000000000000,229.974807739257812,0.019280433654785,-0.001320171053521,-0.029119968414306,10000.018554687500000,1.573043584823608,0.012955782935023
1.35300000000000,229.974838256835937,0.024522781372070,-0.001366250100545,-0.028483867645263,10000.019531250000000,1.571725606918335,0.012954607605934
1.38600000000000,229.974884033203125,0.029858589172363,-0.001409758580848,-0.027676105499267,10000.020507812500000,1.570454597473144,0.012954181060194
1.41900000000000,229.974929809570312,0.035279273986816,-0.001450738636776,-0.026690959930419,10000.021484375000000,1.569240331649780,0.012954561039805
1.45200000000000,229.974960327148437,0.040769577026367,-0.001489242888055,-0.025527477264404,10000.022460937500000,1.568076968193054,0.012955796904861
1.48500000000000,229.975021362304687,0.046319961547851,-0.001525333384051,-0.024183750152587,10000.023437500000000,1.566972851753234,0.012957924976944
1.51800000000000,229.975082397460937,0.051916122436523,-0.001559079973958,-0.022656917572021,10000.024414062500000,1.565936326980590,0.012960973195731
1.55100000000000,229.975158691406250,0.057545661926269,-0.001590559957548,-0.020944118499755,10000.025390625000000,1.564952611923217,0.012964961118996
1.58400000000000,229.975234985351562,0.063203811645507,-0.001619856571778,-0.019046306610107,10000.026367187500000,1.564028978347778,0.012969899922609
1.61700000000000,229.975326538085937,0.068873405456542,-0.001647057943046,-0.016961574554443,10000.027343750000000,1.563157320022583,0.012975794263184
1.65000000000000,229.975418090820312,0.074551582336425,-0.001672256272286,-0.014690876007080,10000.028320312500000,1.562344312667846,0.012982642278075
1.68300000000000,229.975509643554687,0.080225944519042,-0.001695546903647,-0.012232303619384,10000.028320312500000,1.561588764190673,0.012990436516702
1.71600000000000,229.975631713867187,0.085888862609863,-0.001717027393169,-0.009587287902832,10000.028320312500000,1.560881733894348,0.012999162077903
1.74900000000000,229.975753784179687,0.091532707214355,-0.001736797159537,-0.006755352020263,10000.028320312500000,1.560229182243347,0.013008800335228
1.78200000000000,229.975875854492187,0.097153663635253,-0.001754956087097,-0.003737449645996,10000.028320312500000,1.559636473655700,0.013019328936934
1.81500000000000,229.976013183593750,0.102741241455078,-0.001771604758687,-0.000534057617187,10000.028320312500000,1.559086918830871,0.013030720874667
1.84800000000000,229.976150512695312,0.108295440673828,-0.001786843175068,0.002854347229003,10000.028320312500000,1.558585762977600,0.013042944483458
1.88100000000000,229.976303100585937,0.113803863525390,-0.001800770289264,0.006424427032470,10000.028320312500000,1.558138251304626,0.013055965304374
1.91400000000000,229.976470947265625,0.119266510009765,-0.001813483773730,0.010177612304687,10000.028320312500000,1.557727098464965,0.013069748878479
1.94700000000000,229.976638793945312,0.124680519104003,-0.001825079554691,0.014110565185546,10000.028320312500000,1.557357430458068,0.013084257021546
1.98000000000000,229.976821899414062,0.130038261413574,-0.001835651346482,0.018221378326416,10000.028320312500000,1.557019233703613,0.013099446892738
2.01300000000000,229.977005004882812,0.135335922241210,-0.001845289953052,0.022509574890136,10000.027343750000000,1.556717514991760,0.013115279376506
2.04600000000000,229.977203369140625,0.140577316284179,-0.001854083617217,0.026972293853759,10000.026367187500000,1.556449770927429,0.013131711632013
2.07900000000000,229.977416992187500,0.145749092102050,-0.001862116740085,0.031607627868652,10000.025390625000000,1.556205987930297,0.013148698955774
2.11200000000000,229.977630615234375,0.150861740112304,-0.001869471045210,0.036413192749023,10000.024414062500000,1.555991172790527,0.013166198506951
2.14500000000000,229.977859497070312,0.155903816223144,-0.001876223832368,0.041387557983398,10000.023437500000000,1.555802822113037,0.013184165582060
2.17800000000000,229.978088378906250,0.160884857177734,-0.001882449723780,0.046528816223144,10000.022460937500000,1.555645942687988,0.013202555477619
2.21100000000000,229.978332519531250,0.165791511535644,-0.001888218568637,0.051833152770996,10000.020507812500000,1.555503249168396,0.013221322558820
2.24400000000000,229.978576660156250,0.170630455017089,-0.001893596723675,0.057300090789794,10000.018554687500000,1.555379986763000,0.013240423053503
2.27700000000000,229.978851318359375,0.175405502319335,-0.001898646354675,0.062925338745117,10000.016601562500000,1.555281043052673,0.013259813189506
2.31000000000000,229.979110717773437,0.180108070373535,-0.001903425669297,0.068709373474121,10000.014648437500000,1.555189490318298,0.013279450125992
2.34300000000000,229.979400634765625,0.184740066528320,-0.001907988102175,0.074647426605224,10000.012695312500000,1.555110692977905,0.013299291022121
2.37600000000000,229.979705810546875,0.189305305480957,-0.001912383711896,0.080738544464111,10000.009765625000000,1.555042505264282,0.013319294899702
2.40900000000000,229.980010986328125,0.193802833557128,-0.001916658016853,0.086979389190673,10000.006835937500000,1.554975628852844,0.013339423574507
2.44200000000000,229.980331420898437,0.198233604431152,-0.001920852577313,0.093368530273437,10000.003906250000000,1.554915547370910,0.013359636999666
2.47500000000000,229.980667114257812,0.202602386474609,-0.001925004995428,0.099904537200927,10000.000976562500000,1.554860353469848,0.013379897922277
2.50800000000000,229.981018066406250,0.206904411315917,-0.001929148915223,0.106584072113037,9999.998046875000000,1.554801106452941,0.013400168158113
2.54100000000000,229.981369018554687,0.211141586303710,-0.001933314255438,0.113405227661132,9999.994140625000000,1.554736018180847,0.013420414179563
2.57400000000000,229.981735229492187,0.215321540832519,-0.001937527093105,0.120365619659423,9999.990234375000000,1.554671168327331,0.013440602459013
2.60700000000000,229.982116699218750,0.219436645507812,-0.001941809896379,0.127464294433593,9999.986328125000000,1.554605126380920,0.013460700400173
2.64000000000000,229.982513427734375,0.223498344421386,-0.001946181873790,0.134698867797851,9999.982421875000000,1.554521560668945,0.013480679132044
2.67300000000000,229.982925415039062,0.227497100830078,-0.001950658741407,0.142066478729248,9999.977539062500000,1.554419517517089,0.013500508852303
2.70600000000000,229.983352661132812,0.231442451477050,-0.001955252839252,0.149566173553466,9999.972656250000000,1.554304957389831,0.013520163483917
2.73900000000000,229.983779907226562,0.235337257385253,-0.001959973713383,0.157196044921875,9999.967773437500000,1.554177045822143,0.013539616949856
2.77200000000000,229.984237670898437,0.239179611206054,-0.001964827533811,0.164954185485839,9999.962890625000000,1.554034829139709,0.013558845967054
2.80500000000000,229.984680175781250,0.242967605590820,-0.001969818258658,0.172838211059570,9999.957031250000000,1.553884744644165,0.013577825389802
2.83800000000000,229.985153198242187,0.246709823608398,-0.001974946819245,0.180847644805908,9999.951171875000000,1.553726196289062,0.013596537522971
2.87100000000000,229.985641479492187,0.250405311584472,-0.001980212284252,0.188979625701904,9999.945312500000000,1.553558468818664,0.013614962808787
2.90400000000000,229.986145019531250,0.254050254821777,-0.001985611161217,0.197233200073242,9999.939453125000000,1.553366065025329,0.013633083552122
2.93700000000000,229.986679077148437,0.257656097412109,-0.001991137629374,0.205606937408447,9999.932617187500000,1.553148388862609,0.013650882989168
2.97000000000000,229.987197875976562,0.261219024658203,-0.001996784005314,0.214099884033203,9999.925781250000000,1.552905201911926,0.013668347150087
3.00300000000000,229.987731933593750,0.264740943908691,-0.002002540975809,0.222710609436035,9999.918945312500000,1.552635908126831,0.013685462996363
3.03600000000000,229.988296508789062,0.268216133117675,-0.002008397597819,0.231436252593994,9999.911132812500000,1.552355289459228,0.013702217489480
3.06900000000000,229.988876342773437,0.271656990051269,-0.002014341531321,0.240276813507080,9999.903320312500000,1.552062749862670,0.013718601316213
3.10200000000000,229.989471435546875,0.275058746337890,-0.002020358806475,0.249230384826660,9999.895507812500000,1.551758527755737,0.013734607025980
3.13500000000000,229.990066528320312,0.278426170349121,-0.002026434754952,0.258296012878417,9999.887695312500000,1.551442265510559,0.013750225305557
3.16800000000000,229.990676879882812,0.281758308410644,-0.002032553311437,0.267472743988037,9999.878906250000000,1.551106572151184,0.013765449635684
3.20100000000000,229.991302490234375,0.285052299499511,-0.002038697712123,0.276758670806884,9999.870117187500000,1.550744056701660,0.013780272565782
3.23400000000000,229.991958618164062,0.288313865661621,-0.002044850727543,0.286153316497802,9999.861328125000000,1.550354719161987,0.013794690370559
3.26700000000000,229.992614746093750,0.291542053222656,-0.002050994196906,0.295655250549316,9999.851562500000000,1.549938559532165,0.013808701187372
3.30000000000000,229.993301391601562,0.294739723205566,-0.002057109493762,0.305263996124267,9999.841796875000000,1.549503207206726,0.013822301290929
3.33300000000000,229.994003295898437,0.297898292541503,-0.002063177758827,0.314976692199707,9999.832031250000000,1.549048900604248,0.013835488818585
3.36600000000000,229.994705200195312,0.301031112670898,-0.002069179667159,0.324793815612793,9999.821289062500000,1.548568248748779,0.013848264701664
3.39900000000000,229.995437622070312,0.304128646850585,-0.002075095893815,0.334714412689209,9999.810546875000000,1.548076391220092,0.013860628940165
3.43200000000000,229.996170043945312,0.307196617126464,-0.002080907346680,0.344737052917480,9999.799804687500000,1.547566175460815,0.013872580602765
3.46500000000000,229.996917724609375,0.310231208801269,-0.002086594933643,0.354860782623291,9999.788085937500000,1.547037959098815,0.013884122483432
3.49800000000000,229.997680664062500,0.313237190246582,-0.002092139795422,0.365084648132324,9999.776367187500000,1.546499490737915,0.013895257376134
3.53100000000000,229.998474121093750,0.316208839416503,-0.002097522839903,0.375406742095947,9999.764648437500000,1.545943498611450,0.013905985280871
3.56400000000000,229.999267578125000,0.319154739379882,-0.002102725440636,0.385826110839843,9999.751953125000000,1.545363068580627,0.013916312716901
3.59700000000000,230.000091552734375,0.322064399719238,-0.002107729902490,0.396343231201171,9999.739257812500000,1.544773340225219,0.013926238752901
3.63000000000000,230.000915527343750,0.324943542480468,-0.002112518763169,0.406956195831298,9999.726562500000000,1.544167280197143,0.013935770839452
3.66300000000000,230.001770019531250,0.327787399291992,-0.002117074793204,0.417663097381591,9999.712890625000000,1.543552637100219,0.013944911770522
3.69600000000000,230.002639770507812,0.330601692199707,-0.002121381461620,0.428464889526367,9999.699218750000000,1.542922377586364,0.013953668065369
3.72900000000000,230.003509521484375,0.333380699157714,-0.002125422935932,0.439357757568359,9999.685546875000000,1.542284369468689,0.013962043449282
3.76200000000000,230.004409790039062,0.336130142211914,-0.002129184082150,0.450343608856201,9999.670898437500000,1.541631460189819,0.013970042578876
3.79500000000000,230.005310058593750,0.338843345642089,-0.002132650231942,0.461418628692626,9999.656250000000000,1.540971636772155,0.013977671973407
3.82800000000000,230.006225585937500,0.341521263122558,-0.002135807881131,0.472585201263427,9999.640625000000000,1.540297746658325,0.013984935358166
3.86100000000000,230.007171630859375,0.344161033630371,-0.002138643991202,0.483838558197021,9999.625000000000000,1.539617538452148,0.013991837389767
3.89400000000000,230.008132934570312,0.346767425537109,-0.002141146454960,0.495178222656250,9999.609375000000000,1.538924098014831,0.013998387381434
3.92700000000000,230.009094238281250,0.349336624145507,-0.002143303863704,0.506603717803955,9999.592773437500000,1.538225173950195,0.014004588127136
3.96000000000000,230.010086059570312,0.351864814758300,-0.002145105740055,0.518113613128662,9999.576171875000000,1.537513613700866,0.014010447077453
3.99300000000000,230.011077880859375,0.354356765747070,-0.002146542072296,0.529707431793212,9999.558593750000000,1.536797165870666,0.014015968888998
4.02600000000000,230.012100219726562,0.356809616088867,-0.002147603547200,0.541382789611816,9999.541015625000000,1.536083817481994,0.014021159149706
4.05900000000000,230.013122558593750,0.359223365783691,-0.002148282248526,0.553139209747314,9999.523437500000000,1.535366177558898,0.014026023447513
4.09200000000000,230.014160156250000,0.361593246459960,-0.002148571191355,0.564975261688232,9999.504882812500000,1.534652233123779,0.014030565507709
4.12500000000000,230.015213012695312,0.363924026489257,-0.002148463856428,0.576888561248779,9999.486328125000000,1.533927321434021,0.014034790918231
4.15800000000000,230.016281127929687,0.366208076477050,-0.002147954422980,0.588879108428955,9999.467773437500000,1.533191800117492,0.014038706198334
4.19100000000000,230.017395019531250,0.368449211120605,-0.002147038001567,0.600944519042968,9999.448242187500000,1.532438397407531,0.014042316004633
4.22400000000000,230.018493652343750,0.370643615722656,-0.002145710168406,0.613083362579345,9999.428710937500000,1.531674861907959,0.014045624993741
4.25700000000000,230.019592285156250,0.372796058654785,-0.002143967431038,0.625295162200927,9999.408203125000000,1.530908703804016,0.014048639684915
4.29000000000000,230.020721435546875,0.374900817871093,-0.002141807228326,0.637578010559082,9999.387695312500000,1.530133008956909,0.014051362872123
4.32300000000000,230.021881103515625,0.376955032348632,-0.002139227697625,0.649929523468017,9999.366210937500000,1.529347658157348,0.014053797349333
4.35600000000000,230.023040771484375,0.378958702087402,-0.002136227441951,0.662347793579101,9999.344726562500000,1.528553009033203,0.014055948704481
4.38900000000000,230.024215698242187,0.380919456481933,-0.002132805762812,0.674833297729492,9999.323242187500000,1.527741909027099,0.014057822525501
4.42200000000000,230.025390625000000,0.382824897766113,-0.002128962660208,0.687382698059082,9999.300781250000000,1.526914238929748,0.014059420675039
4.45500000000000,230.026596069335937,0.384678840637207,-0.002124699065461,0.699994564056396,9999.278320312500000,1.526077747344970,0.014060747809708
4.48800000000000,230.027801513671875,0.386483192443847,-0.002120015677064,0.712667942047119,9999.254882812500000,1.525232434272766,0.014061805792152
4.52100000000000,230.029037475585937,0.388233184814453,-0.002114914590492,0.725400924682617,9999.231445312500000,1.524371027946472,0.014062600210309
4.55400000000000,230.030273437500000,0.389929771423339,-0.002109398134052,0.738190174102783,9999.207031250000000,1.523493647575378,0.014063131995499
4.58700000000000,230.031539916992187,0.391567230224609,-0.002103468868881,0.751037120819091,9999.182617187500000,1.522600412368774,0.014063403941690
4.62000000000000,230.032806396484375,0.393155097961425,-0.002097130054607,0.763936996459961,9999.158203125000000,1.521698713302612,0.014063421636819
4.65300000000000,230.034088134765625,0.394683837890625,-0.002090385649353,0.776888370513916,9999.132812500000000,1.520788669586181,0.014063185080885
4.68600000000000,230.035385131835937,0.396159172058105,-0.002083239378407,0.789890766143798,9999.107421875000000,1.519870162010192,0.014062697067856
4.71900000000000,230.036697387695312,0.397572517395019,-0.002075695665553,0.802941322326660,9999.081054687500000,1.518943428993225,0.014061958529055
4.75200000000000,230.038024902343750,0.398929595947265,-0.002067759633064,0.816039085388183,9999.054687500000000,1.518008470535278,0.014060972258448
4.78500000000000,230.039352416992187,0.400229454040527,-0.002059436170384,0.829180717468261,9999.027343750000000,1.517080187797546,0.014059741050004
4.81800000000000,230.040695190429687,0.401468276977539,-0.002050730865448,0.842365264892578,9999.000000000000000,1.516151070594787,0.014058265835046
4.85100000000000,230.042053222656250,0.402648925781250,-0.002041649539023,0.855591297149658,9998.972656250000000,1.515221118927001,0.014056547544896
4.88400000000000,230.043426513671875,0.403766632080078,-0.002032198011875,0.868854999542236,9998.944335937500000,1.514290452003479,0.014054588973522
4.91700000000000,230.044799804687500,0.404826164245605,-0.002022382337599,0.882155895233154,9998.916015625000000,1.513359069824218,0.014052390120923
4.95000000000000,230.046188354492187,0.405822753906250,-0.002012208802625,0.895491123199462,9998.886718750000000,1.512426972389221,0.014049953781068
4.98300000000000,230.047592163085937,0.406760215759277,-0.002001684159040,0.908860683441162,9998.857421875000000,1.511494040489196,0.014047279953956
5.01600000000000,230.049011230468750,0.407635688781738,-0.001990814926102,0.922259807586670,9998.827148437500000,1.510552883148193,0.014044370502233
5.04900000000000,230.050430297851562,0.408447265625000,-0.001979607623070,0.935688018798828,9998.796875000000000,1.509603500366210,0.014041224494576
5.08200000000000,230.051864624023437,0.409193038940429,-0.001968069700524,0.949142932891845,9998.765625000000000,1.508645772933960,0.014037843793630
5.11500000000000,230.053298950195312,0.409882545471191,-0.001956207910552,0.962622165679931,9998.734375000000000,1.507679700851440,0.014034231193363
5.14800000000000,230.054748535156250,0.410508155822753,-0.001944029005244,0.976124763488769,9998.702148437500000,1.506690382957458,0.014030385762453
5.18100000000000,230.056213378906250,0.411068916320800,-0.001931540318764,0.989647865295410,9998.669921875000000,1.505692601203918,0.014026308432221
5.21400000000000,230.057693481445312,0.411569595336914,-0.001918748836033,1.003188610076904,9998.637695312500000,1.504686236381530,0.014022000133991
5.24700000000000,230.059173583984375,0.412003517150878,-0.001905661774799,1.016746520996093,9998.604492187500000,1.503663897514343,0.014017459936439
5.28000000000000,230.060668945312500,0.412374496459960,-0.001892286119982,1.030318260192871,9998.571289062500000,1.502625465393066,0.014012690633535
5.31300000000000,230.062179565429687,0.412678718566894,-0.001878629089333,1.043901920318603,9998.537109375000000,1.501578211784362,0.014007693156600
5.34600000000000,230.063690185546875,0.412922859191894,-0.001864697900600,1.057495594024658,9998.502929687500000,1.500522255897521,0.014002467505633
5.37900000000000,230.065216064453125,0.413105010986328,-0.001850499538704,1.071096897125244,9998.467773437500000,1.499464750289917,0.013997016474604
5.41200000000000,230.066757202148437,0.413219451904296,-0.001836040639318,1.084704875946044,9998.432617187500000,1.498398423194885,0.013991339132189
5.44500000000000,230.068283081054687,0.413274765014648,-0.001821328420192,1.098316669464111,9998.396484375000000,1.497315645217895,0.013985436409711
5.47800000000000,230.069824218750000,0.413266181945800,-0.001806369866244,1.111929893493652,9998.360351562500000,1.496231317520141,0.013979308307170
5.51100000000000,230.071395874023437,0.413189888000488,-0.001791171613149,1.125543117523193,9998.323242187500000,1.495137810707092,0.013972955755889
5.54400000000000,230.072937011718750,0.413057327270507,-0.001775740762241,1.139152526855468,9998.286132812500000,1.494042754173278,0.013966380618512
5.57700000000000,230.074523925781250,0.412855148315429,-0.001760083949193,1.152758598327636,9998.249023437500000,1.492938399314880,0.013959583826363
5.61000000000000,230.076095581054687,0.412594795227050,-0.001744207576848,1.166358470916748,9998.210937500000000,1.491832375526428,0.013952567242085
5.64300000000000,230.077667236328125,0.412274360656738,-0.001728118280880,1.179948806762695,9998.172851562500000,1.490717053413391,0.013945330865681
5.67600000000000,230.079254150390625,0.411886215209960,-0.001711822231300,1.193529605865478,9998.133789062500000,1.489599823951721,0.013937874697148
5.70900000000000,230.080856323242187,0.411438941955566,-0.001695326063781,1.207096576690673,9998.094726562500000,1.488465785980224,0.013930201530456
5.74200000000000,230.082458496093750,0.410930633544921,-0.001678635831922,1.220648765563964,9998.054687500000000,1.487322568893432,0.013922312296926
5.77500000000000,230.084075927734375,0.410361289978027,-0.001661757589317,1.234185218811035,9998.014648437500000,1.486177206039428,0.013914208859205
5.80800000000000,230.085678100585937,0.409730911254882,-0.001644697622396,1.247701168060302,9997.973632812500000,1.485022425651550,0.013905891217291
5.84100000000000,230.087295532226562,0.409039497375488,-0.001627461635507,1.261197566986084,9997.932617187500000,1.483858227729797,0.013897362165153
5.87400000000000,230.088912963867187,0.408288955688476,-0.001610055682249,1.274670600891113,9997.890625000000000,1.482677102088928,0.013888621702790
5.90700000000000,230.090545654296875,0.407478332519531,-0.001592485234141,1.288118839263916,9997.848632812500000,1.481479048728942,0.013879674486815
5.94000000000000,230.092178344726562,0.406606674194335,-0.001574755879119,1.301540851593017,9997.805664062500000,1.480271458625793,0.013870519585907
5.97300000000000,230.093811035156250,0.405676841735839,-0.001556873088702,1.314933300018310,9997.762695312500000,1.479061603546142,0.013861160725355
6.00600000000000,230.095443725585937,0.404687881469726,-0.001538842334412,1.328295707702636,9997.719726562500000,1.477834820747375,0.013851598836481
6.03900000000000,230.097091674804687,0.403644561767578,-0.001520669087767,1.341625213623046,9997.675781250000000,1.476598381996154,0.013841837644577
6.07200000000000,230.098739624023437,0.402540206909179,-0.001502358703874,1.354920625686645,9997.631835937500000,1.475352406501770,0.013831877149641
6.10500000000000,230.100372314453125,0.401380538940429,-0.001483916188590,1.368179082870483,9997.586914062500000,1.474104285240173,0.013821720145642
6.13800000000000,230.102020263671875,0.400165557861328,-0.001465346780605,1.381399631500244,9997.541992187500000,1.472853899002075,0.013811369426548
6.17100000000000,230.103683471679687,0.398892402648925,-0.001446655602194,1.394579887390136,9997.496093750000000,1.471608877182006,0.013800826855003
6.20400000000000,230.105331420898437,0.397562980651855,-0.001427847659215,1.407718181610107,9997.450195312500000,1.470354199409484,0.013790093362331
6.23700000000000,230.106979370117187,0.396181106567382,-0.001408927724696,1.420813083648681,9997.403320312500000,1.469090104103088,0.013779174536466
6.27000000000000,230.108642578125000,0.394742012023925,-0.001389900688081,1.433862447738647,9997.356445312500000,1.467823863029480,0.013768072240054
6.30300000000000,230.110305786132812,0.393249511718750,-0.001370771322399,1.446864366531372,9997.309570312500000,1.466555595397949,0.013756788335740
6.33600000000000,230.111968994140625,0.391705513000488,-0.001351544167846,1.459817171096801,9997.261718750000000,1.465285301208496,0.013745327480137
6.36900000000000,230.113632202148437,0.390107154846191,-0.001332223881036,1.472718238830566,9997.213867187500000,1.464013099670410,0.013733689673244
6.40200000000000,230.115295410156250,0.388456344604492,-0.001312815234996,1.485567808151245,9997.165039062500000,1.462738871574401,0.013721879571676
6.43500000000000,230.116958618164062,0.386758804321289,-0.001293322769924,1.498361825942993,9997.116210937500000,1.461455225944519,0.013709899038076
6.46800000000000,230.118621826171875,0.385004997253418,-0.001273751026019,1.511099815368652,9997.066406250000000,1.460155010223388,0.013697751797735
6.50100000000000,230.120269775390625,0.383201599121093,-0.001254104543477,1.523781299591064,9997.016601562500000,1.458837985992431,0.013685439713299
6.53400000000000,230.121932983398437,0.381354331970214,-0.001234387629665,1.536402702331543,9996.966796875000000,1.457504153251648,0.013672966510057
6.56700000000000,230.123596191406250,0.379448890686035,-0.001214604708366,1.548962593078613,9996.916015625000000,1.456161141395568,0.013660335913300
6.60000000000000,230.125259399414062,0.377499580383300,-0.001194760086946,1.561460256576538,9996.865234375000000,1.454808950424194,0.013647550716996
6.63300000000000,230.126907348632812,0.375503540039062,-0.001174857956357,1.573893308639526,9996.813476562500000,1.453447580337524,0.013634616509079
6.66600000000000,230.128555297851562,0.373458862304687,-0.001154902856796,1.586261034011840,9996.761718750000000,1.452077031135559,0.013621534220874
6.69900000000000,230.130218505859375,0.371364593505859,-0.001134898862801,1.598560571670532,9996.708984375000000,1.450704813003540,0.013608306646347
6.73200000000000,230.131851196289062,0.369231224060058,-0.001114850281737,1.610792398452758,9996.656250000000000,1.449330925941467,0.013594939373433
6.76500000000000,230.133499145507812,0.367048263549804,-0.001094761420972,1.622952699661254,9996.603515625000000,1.447955489158630,0.013581434264779
6.79800000000000,230.135147094726562,0.364821434020996,-0.001074636471457,1.635041952133178,9996.549804687500000,1.446578621864318,0.013567795976996
6.83100000000000,230.136779785156250,0.362552642822265,-0.001054479624144,1.647057056427002,9996.496093750000000,1.445200204849243,0.013554027304053
6.86400000000000,230.138412475585937,0.360236167907714,-0.001034295186400,1.658998250961303,9996.441406250000000,1.443820476531982,0.013540130108594
6.89700000000000,230.140045166015625,0.357877731323242,-0.001014087232761,1.670861959457397,9996.386718750000000,1.442439317703247,0.013526110909879
6.93000000000000,230.141662597656250,0.355479240417480,-0.000993859837763,1.682648420333862,9996.332031250000000,1.441056966781616,0.013511974364519
6.96300000000000,230.143295288085937,0.353039741516113,-0.000973617192357,1.694355487823486,9996.276367187500000,1.439666032791137,0.013497722335159
6.99600000000000,230.144912719726562,0.350559234619140,-0.000953363371081,1.705982446670532,9996.220703125000000,1.438273906707763,0.013483359478414
7.02900000000000,230.146514892578125,0.348042488098144,-0.000933102623093,1.717527627944946,9996.164062500000000,1.436880707740783,0.013468887656927
7.06200000000000,230.148117065429687,0.345480918884277,-0.000912838964723,1.728990793228149,9996.107421875000000,1.435486435890197,0.013454310595989
7.09500000000000,230.149719238281250,0.342885017395019,-0.000892576645128,1.740368843078613,9996.050781250000000,1.434083819389343,0.013439632952213
7.12800000000000,230.151306152343750,0.340249061584472,-0.000872319913469,1.751661539077758,9995.993164062500000,1.432672858238220,0.013424858450889
7.16100000000000,230.152893066406250,0.337578773498535,-0.000852072727866,1.762867212295532,9995.935546875000000,1.431246161460876,0.013409991748631
7.19400000000000,230.154464721679687,0.334871292114257,-0.000831839337479,1.773985147476196,9995.876953125000000,1.429818630218505,0.013395034708082
7.22700000000000,230.156051635742187,0.332125663757324,-0.000811623758636,1.785013198852539,9995.818359375000000,1.428390383720398,0.013379991985857
7.26000000000000,230.157608032226562,0.329351425170898,-0.000791429949458,1.795950651168823,9995.759765625000000,1.426954030990600,0.013364868238568
7.29300000000000,230.159149169921875,0.326539039611816,-0.000771261984482,1.806797981262207,9995.700195312500000,1.425509452819824,0.013349666260182
7.32600000000000,230.160705566406250,0.323693275451660,-0.000751124112866,1.817551851272583,9995.640625000000000,1.424057006835937,0.013334389775991
7.35900000000000,230.162246704101562,0.320812225341796,-0.000731020350940,1.828211784362793,9995.581054687500000,1.422603845596313,0.013319042511284
7.39200000000000,230.163772583007812,0.317903518676757,-0.000710954715032,1.838777303695678,9995.520507812500000,1.421150207519531,0.013303630053997
7.42500000000000,230.165283203125000,0.314965248107910,-0.000690931105054,1.849246263504028,9995.459960937500000,1.419688820838928,0.013288155198097
7.45800000000000,230.166809082031250,0.311993598937988,-0.000670953653752,1.859618663787841,9995.399414062500000,1.418234348297119,0.013272619806230
7.49100000000000,230.168304443359375,0.308994293212890,-0.000651026435662,1.869893789291381,9995.337890625000000,1.416779518127441,0.013257029466331
7.52400000000000,230.169784545898437,0.305965423583984,-0.000631153292488,1.880069255828857,9995.276367187500000,1.415324568748474,0.013241386041045
7.55700000000000,230.171264648437500,0.302906990051269,-0.000611338415183,1.890145778656006,9995.213867187500000,1.413861870765686,0.013225694186985
7.59000000000000,230.172729492187500,0.299822807312011,-0.000591585878282,1.900121450424194,9995.151367187500000,1.412406444549560,0.013209958560764
7.62300000000000,230.174194335937500,0.296712875366210,-0.000571899465285,1.909995079040527,9995.088867187500000,1.410950899124145,0.013194183818995
7.65600000000000,230.175643920898437,0.293577194213867,-0.000552283017896,1.919766426086425,9995.025390625000000,1.409487962722778,0.013178370893001
7.68900000000000,230.177062988281250,0.290416717529296,-0.000532740377821,1.929434776306152,9994.961914062500000,1.408025026321411,0.013162526302039
7.72200000000000,230.178482055664062,0.287232398986816,-0.000513275444973,1.938998699188232,9994.898437500000000,1.406562209129333,0.013146651908755
7.75500000000000,230.179901123046875,0.284021377563476,-0.000493892235681,1.948457002639770,9994.833984375000000,1.405084609985351,0.013130751438438
7.78800000000000,230.181320190429687,0.280788421630859,-0.000474594358820,1.957810640335083,9994.769531250000000,1.403607130050659,0.013114828616380
7.82100000000000,230.182693481445312,0.277539253234863,-0.000455385976238,1.967057704925537,9994.705078125000000,1.402122378349304,0.013098889961838
7.85400000000000,230.184066772460937,0.274263381958007,-0.000436270493082,1.976196765899658,9994.640625000000000,1.400630593299865,0.013082935474812
7.88700000000000,230.185440063476562,0.270967483520507,-0.000417251954786,1.985229253768921,9994.575195312500000,1.399138927459716,0.013066969811916
7.92000000000000,230.186782836914062,0.267658233642578,-0.000398334144847,1.994152784347534,9994.509765625000000,1.397640228271484,0.013050995767116
7.95300000000000,230.188110351562500,0.264325141906738,-0.000379520584829,2.002967119216918,9994.444335937500000,1.396149277687072,0.013035018928349
7.98600000000000,230.189422607421875,0.260977745056152,-0.000360815174644,2.011672019958496,9994.377929687500000,1.394658803939819,0.013019039295613
8.01900000000000,230.190719604492187,0.257609367370605,-0.000342221435857,2.020266294479370,9994.311523437500000,1.393161416053771,0.013003061525523
8.05200000000000,230.192016601562500,0.254227638244628,-0.000323743064654,2.028749465942382,9994.245117187500000,1.391664505004882,0.012987091206014
8.08500000000000,230.193283081054687,0.250826835632324,-0.000305383378872,2.037121057510375,9994.177734375000000,1.390168070793151,0.012971130199730
8.11800000000000,230.194549560546875,0.247410774230957,-0.000287146045593,2.045381307601928,9994.110351562500000,1.388679742813110,0.012955182231962
8.15100000000000,230.195785522460937,0.243986129760742,-0.000269034411758,2.053528547286987,9994.042968750000000,1.387192010879516,0.012939252890646
8.18400000000000,230.197021484375000,0.240546226501464,-0.000251051853410,2.061563491821289,9993.975585937500000,1.385704994201660,0.012923343107104
8.21700000000000,230.198226928710937,0.237093925476074,-0.000233201804803,2.069484710693359,9993.907226562500000,1.384226202964782,0.012907454743981
8.25000000000000,230.199432373046875,0.233628273010253,-0.000215487656532,2.077292203903198,9993.838867187500000,