scons: Reading SConscript files ...
scons: done reading SConscript files.
scons: Building targets ...
misc/run_cmd ...
Timer interval: 400000
POK kernel initialized
# Vertical Speed control: 0 m/s -> 2.5 m/s and Airspeed: 230 m/s
# Column headers are:
# - T: simulation time [s] 
# - Va: airspeed [m/s]
# - az: normal acceleration [m/s^2] 
# - q: pitch rate [rad/s] 
# - Vz: vertical speed [m/s] 
# - h: altitude [m] 
# - delta_th_c: commanded throttle [-] 
# - delta_e_c: commanded elevator deflection [rad] 
# T, Va, Az, q, Vz, h, delta_th_c, delta_e_c
0.0000,230.000015258789062,0.053991317749023,0.000000000000000,0.000000000000000,10000.000000000000000,113.553878784179687,0.012009616009891
1.0000,230.000366210937500,0.052348136901855,0.000680876662954,0.001329421997070,10000.000000000000000,114.699340820312500,0.011852780357003
2.0000,230.000717163085937,0.048567771911621,0.001353949075564,0.002593994140625,10000.000000000000000,115.844795227050781,0.011695943772792
3.0000,230.001068115234375,0.042705535888671,0.002018782077357,0.003745555877685,10000.000000000000000,116.990257263183593,0.011539108119904
4.0000,230.001388549804687,0.034820556640625,0.002674958202987,0.004729747772216,10000.000000000000000,118.135719299316406,0.011382272467017
5.0000,230.001708984375000,0.024962425231933,0.003322078613564,0.005497455596923,10000.000000000000000,119.281181335449218,0.011225436814129
6.0000,230.002014160156250,0.013193130493164,0.003959761932492,0.005999088287353,10000.000000000000000,120.426635742187500,0.011068601161241
7.0000,230.002288818359375,-0.000431060791015,0.004587645642459,0.006188869476318,10000.000000000000000,121.572097778320312,0.010911766439676
8.0000,230.002548217773437,-0.015853881835937,0.005205383524298,0.006020545959472,10000.000000000000000,122.717559814453125,0.010754930786788
9.0000,230.002761840820312,-0.033017158508300,0.005812649149447,0.005449771881103,10000.000000000000000,123.863021850585937,0.010598095133900
10.0000,230.002960205078125,-0.051862716674804,0.006409130990505,0.004434585571289,10000.000000000000000,125.008483886718750,0.010441259481012
11.0000,230.003112792968750,-0.072331428527832,0.006994537077844,0.002931594848632,10000.000000000000000,126.153945922851562,0.010284423828125
12.0000,230.003250122070312,-0.094365119934082,0.007568591274321,0.000901222229003,10000.000000000000000,127.299407958984375,0.010127588175237
13.0000,230.003326416015625,-0.117909431457519,0.008131035603582,-0.001693248748779,10000.000000000000000,128.444869995117187,0.009970752522349
14.0000,230.003356933593750,-0.142899513244628,0.008681628853082,-0.004889965057373,10000.000000000000000,129.590332031250000,0.009813916869461
15.0000,230.003341674804687,-0.169281005859375,0.009220148436725,-0.008725643157958,10000.000000000000000,130.735794067382812,0.009657081216573
16.0000,230.003265380859375,-0.196996688842773,0.009746383875608,-0.013231277465820,10000.000000000000000,131.881256103515625,0.009500245563685
17.0000,230.003143310546875,-0.225986480712890,0.010260145179927,-0.018441677093505,10000.000000000000000,133.026718139648437,0.009343409910798
18.0000,230.002975463867187,-0.256194114685058,0.010761256329715,-0.024388790130615,10000.000000000000000,134.172180175781250,0.009186573326587
19.0000,230.002731323242187,-0.287558555603027,0.011249557137489,-0.031100749969482,10000.000000000000000,135.317642211914062,0.009029736742377
20.0000,230.002426147460937,-0.320028305053710,0.011724904179573,-0.038606166839599,10000.000000000000000,136.463104248046875,0.008872901089489
21.0000,230.002044677734375,-0.353540420532226,0.012187170796096,-0.046932220458984,10000.000000000000000,137.608566284179687,0.008716064505279
22.0000,230.001602172851562,-0.388043403625488,0.012636241503059,-0.056103706359863,10000.000000000000000,138.754028320312500,0.008559227921068
23.0000,230.001083374023437,-0.423479080200195,0.013072018511593,-0.066145896911621,10000.000000000000000,139.899475097656250,0.008402392268180
24.0000,230.000503540039062,-0.459794044494628,0.013494418002665,-0.077082633972167,10000.000000000000000,141.044937133789062,0.008245555683970
25.0000,229.999832153320312,-0.496930122375488,0.013903371989727,-0.088931560516357,10000.000000000000000,142.190383911132812,0.008088719099760
26.0000,229.999084472656250,-0.534833908081054,0.014298824593424,-0.101713657379150,10000.000976562500000,143.335845947265625,0.007931883446872
27.0000,229.998245239257812,-0.573445320129394,0.014680735766887,-0.115449905395507,10000.005859375000000,144.481292724609375,0.007775046397000
28.0000,229.997329711914062,-0.612716674804687,0.015049076639115,-0.130154609680175,10000.010742187500000,145.626754760742187,0.007618210278451
29.0000,229.996307373046875,-0.652596473693847,0.015403832308948,-0.145845413208007,10000.015625000000000,146.772201538085937,0.007461374159902
30.0000,229.995208740234375,-0.693036079406738,0.015745002776384,-0.162536621093750,10000.020507812500000,147.917648315429687,0.007304537575691
31.0000,229.994018554687500,-0.733978271484375,0.016072597354650,-0.180242061614990,10000.025390625000000,149.063110351562500,0.007147701457142
32.0000,229.992706298828125,-0.775373458862304,0.016386641189455,-0.198970794677734,10000.030273437500000,150.208572387695312,0.006990864872932
33.0000,229.991333007812500,-0.817176818847656,0.016687167808413,-0.218736171722412,10000.035156250000000,151.354019165039062,0.006834028754383
34.0000,229.989837646484375,-0.859334945678711,0.016974223777651,-0.239546298980712,10000.040039062500000,152.499465942382812,0.006677192170172
35.0000,229.988250732421875,-0.901803970336914,0.017247868701815,-0.261410236358642,10000.044921875000000,153.644927978515625,0.006520356051623
36.0000,229.986541748046875,-0.944532394409179,0.017508173361420,-0.284336090087890,10000.049804687500000,154.790390014648437,0.006363519933074
37.0000,229.984725952148437,-0.987471580505371,0.017755215987563,-0.308328151702880,10000.057617187500000,155.935836791992187,0.006206683348864
38.0000,229.982818603515625,-1.030576705932617,0.017989084124565,-0.333390235900878,10000.067382812500000,157.081283569335937,0.006049847230315
39.0000,229.980804443359375,-1.073808670043945,0.018209882080554,-0.359527587890625,10000.077148437500000,158.226745605468750,0.005893010646104
40.0000,229.978652954101562,-1.117122650146484,0.018417719751596,-0.386744499206543,10000.086914062500000,159.372192382812500,0.005736174527555
41.0000,229.976409912109375,-1.160475730895996,0.018612716346979,-0.415041923522949,10000.096679687500000,160.517654418945312,0.005579338409006
42.0000,229.974044799804687,-1.203824996948242,0.018794998526573,-0.444416046142578,10000.106445312500000,161.663101196289062,0.005422501824796
43.0000,229.971588134765625,-1.247136116027832,0.018964702263474,-0.474868774414062,10000.116210937500000,162.808563232421875,0.005265665706247
44.0000,229.968978881835937,-1.290361404418945,0.019121972844004,-0.506399154663085,10000.127929687500000,163.954010009765625,0.005108829122036
45.0000,229.966262817382812,-1.333456039428710,0.019266966730356,-0.539005279541015,10000.142578125000000,165.099472045898437,0.004951993003487
46.0000,229.963424682617187,-1.376401901245117,0.019399845972657,-0.572682380676269,10000.157226562500000,166.244918823242187,0.004795156884938
47.0000,229.960464477539062,-1.419151306152343,0.019520776346325,-0.607425689697265,10000.171875000000000,167.390380859375000,0.004638320300728
48.0000,229.957397460937500,-1.461667060852050,0.019629932940006,-0.643229484558105,10000.186523437500000,168.535827636718750,0.004481484182178
49.0000,229.954193115234375,-1.503916740417480,0.019727500155568,-0.680086135864257,10000.201171875000000,169.681289672851562,0.004324647597968
50.0000,229.950866699218750,-1.545868873596191,0.019813662394881,-0.717993736267089,10000.219726562500000,170.826736450195312,0.004167811479419
51.0000,229.947418212890625,-1.587490081787109,0.019888615235686,-0.756940841674804,10000.239257812500000,171.972183227539062,0.004010974895209
52.0000,229.943847656250000,-1.628749847412109,0.019952563568949,-0.796918869018554,10000.258789062500000,173.117645263671875,0.003854139242321
53.0000,229.940155029296875,-1.669620513916015,0.020005708560347,-0.837916374206543,10000.278320312500000,174.263107299804687,0.003697302658110
54.0000,229.936325073242187,-1.710071563720703,0.020048258826136,-0.879926681518554,10000.297851562500000,175.408554077148437,0.003540466073900
55.0000,229.932357788085937,-1.750063896179199,0.020080436021089,-0.922937393188476,10000.322265625000000,176.554000854492187,0.003383629489690
56.0000,229.928268432617187,-1.789584159851074,0.020102450624108,-0.966938018798828,10000.346679687500000,177.699462890625000,0.003226793836802
57.0000,229.924057006835937,-1.828604698181152,0.020114531740546,-1.011915206909179,10000.371093750000000,178.844924926757812,0.003069957252591
58.0000,229.919708251953125,-1.867104530334472,0.020116904750466,-1.057856559753417,10000.395507812500000,179.990371704101562,0.002913120668381
59.0000,229.915237426757812,-1.905044555664062,0.020109800621867,-1.104745864868164,10000.422851562500000,181.135818481445312,0.002756285015493
60.0000,229.910644531250000,-1.942418098449707,0.020093457773327,-1.152572631835937,10000.452148437500000,182.281280517578125,0.002599448431283
61.0000,229.905929565429687,-1.979200363159179,0.020068110898137,-1.201321601867675,10000.481445312500000,183.426742553710937,0.002442611847072
62.0000,229.901062011718750,-2.015367507934570,0.020033996552228,-1.250977516174316,10000.510742187500000,184.572189331054687,0.002285776194185
63.0000,229.896087646484375,-2.050902366638183,0.019991360604763,-1.301524162292480,10000.542968750000000,185.717636108398437,0.002128939609974
64.0000,229.890991210937500,-2.085786819458007,0.019940443336963,-1.352941513061523,10000.577148437500000,186.863082885742187,0.001972103957086
65.0000,229.885742187500000,-2.120000839233398,0.019881492480635,-1.405220031738281,10000.611328125000000,188.008544921875000,0.001815270283259
66.0000,229.880386352539062,-2.153531074523925,0.019814753904938,-1.458336830139160,10000.645507812500000,189.154006958007812,0.001658437424339
67.0000,229.874877929687500,-2.186361312866210,0.019740475341677,-1.512277603149414,10000.683593750000000,190.299453735351562,0.001501603634096
68.0000,229.869262695312500,-2.218477249145507,0.019658908247947,-1.567026138305664,10000.722656250000000,191.444900512695312,0.001344770775176
69.0000,229.863510131835937,-2.249864578247070,0.019570302218198,-1.622559547424316,10000.761718750000000,192.590362548828125,0.001187936984933
70.0000,229.857635498046875,-2.280518531799316,0.019474906846880,-1.678864479064941,10000.801757812500000,193.735824584960937,0.001031104126013
71.0000,229.851638793945312,-2.310416221618652,0.019372971728444,-1.735918998718261,10000.845703125000000,194.881271362304687,0.000874270335771
72.0000,229.845520019531250,-2.339559555053710,0.019264748319983,-1.793705940246582,10000.889648437500000,196.026718139648437,0.000717437476851
73.0000,229.839263916015625,-2.367925643920898,0.019150486215949,-1.852206230163574,10000.933593750000000,197.172180175781250,0.000560603686608
74.0000,229.832901000976562,-2.395519256591796,0.019030438736081,-1.911400794982910,10000.981445312500000,198.317642211914062,0.000403770827688
75.0000,229.826400756835937,-2.422323226928710,0.018904851749539,-1.971265792846679,10001.030273437500000,199.463088989257812,0.000246937037445
76.0000,229.819778442382812,-2.448339462280273,0.018773972988128,-2.031785011291503,10001.079101562500000,200.608535766601562,0.000090104171249
77.0000,229.813049316406250,-2.473555564880371,0.018638050183653,-2.092938423156738,10001.130859375000000,201.753997802734375,-0.000066729618993
78.0000,229.806198120117187,-2.497970581054687,0.018497327342629,-2.154706001281738,10001.184570312500000,202.899459838867187,-0.000223562485189
79.0000,229.799209594726562,-2.521579742431640,0.018352054059505,-2.217065811157226,10001.238281250000000,204.044906616210937,-0.000380396260879
80.0000,229.792114257812500,-2.544379234313964,0.018202466890215,-2.280000686645507,10001.293945312500000,205.190353393554687,-0.000537229119800
81.0000,229.784896850585937,-2.566362380981445,0.018048807978630,-2.343485832214355,10001.352539062500000,206.335800170898437,-0.000694062910042
82.0000,229.777587890625000,-2.587541580200195,0.017891317605972,-2.407505035400390,10001.411132812500000,207.481262207031250,-0.000850895768962
83.0000,229.770141601562500,-2.607908248901367,0.017730230465531,-2.472035408020019,10001.471679687500000,208.626724243164062,-0.001007729559205
84.0000,229.762573242187500,-2.627455711364746,0.017565779387950,-2.537056922912597,10001.535156250000000,209.772171020507812,-0.001164562418125
85.0000,229.754928588867187,-2.646194458007812,0.017398195341229,-2.602551460266113,10001.598632812500000,210.917617797851562,-0.001321396208368
86.0000,229.747131347656250,-2.664119720458984,0.017227707430720,-2.668496131896972,10001.664062500000000,212.063079833984375,-0.001478229067288
87.0000,229.739242553710937,-2.681233406066894,0.017054541036486,-2.734871864318847,10001.732421875000000,213.208541870117187,-0.001635062857531
88.0000,229.731246948242187,-2.697546958923339,0.016878919675946,-2.801657676696777,10001.800781250000000,214.353988647460937,-0.001791895716451
89.0000,229.723129272460937,-2.713057518005371,0.016701061278581,-2.868837356567382,10001.871093750000000,215.499435424804687,-0.001948729506693
90.0000,229.714935302734375,-2.727770805358886,0.016521181911230,-2.936388015747070,10001.944335937500000,216.644912719726562,-0.002105562482029
91.0000,229.706619262695312,-2.741694450378418,0.016339493915438,-3.004285812377929,10002.017578125000000,217.790405273437500,-0.002262396272271
92.0000,229.698226928710937,-2.754830360412597,0.016156205907464,-3.072515487670898,10002.093750000000000,218.935897827148437,-0.002419229131191
93.0000,229.689697265625000,-2.767180442810058,0.015971522778272,-3.141056060791015,10002.171875000000000,220.081375122070312,-0.002576062921434
94.0000,229.681091308593750,-2.778767585754394,0.015785649418830,-3.209892272949218,10002.250000000000000,221.226852416992187,-0.002732895780354
95.0000,229.672378540039062,-2.789581298828125,0.015598782338202,-3.278995513916015,10002.332031250000000,222.372344970703125,-0.002889729570597
96.0000,229.663558959960937,-2.799632072448730,0.015411114320158,-3.348356246948242,10002.415039062500000,223.517837524414062,-0.003046562429517
97.0000,229.654663085937500,-2.808944702148437,0.015222835354506,-3.417948722839355,10002.498046875000000,224.663314819335937,-0.003203396219760
98.0000,229.645645141601562,-2.817506790161132,0.015034131705760,-3.487758636474609,10002.584960937500000,225.808792114257812,-0.003360229078680
99.0000,229.636566162109375,-2.825342178344726,0.014845184981822,-3.557767868041992,10002.672851562500000,226.954284667968750,-0.003517062868922
100.0000,229.627365112304687,-2.832449913024902,0.014656172133982,-3.627952575683593,10002.761718750000000,228.099777221679687,-0.003673895727843
101.0000,229.618072509765625,-2.838847160339355,0.014467266388237,-3.698302268981933,10002.854492187500000,229.245254516601562,-0.003830728586763
102.0000,229.608734130859375,-2.844549179077148,0.014278638176620,-3.768794059753418,10002.947265625000000,230.390731811523437,-0.003987561445683
103.0000,229.599258422851562,-2.849553108215332,0.014090449549257,-3.839409828186035,10003.041992187500000,231.536209106445312,-0.004144396167248
104.0000,229.589721679687500,-2.853881835937500,0.013902860693633,-3.910139083862304,10003.139648437500000,232.681701660156250,-0.004301229026168
105.0000,229.580093383789062,-2.857542037963867,0.013716029003262,-3.980958938598632,10003.237304687500000,233.827194213867187,-0.004458061885088
106.0000,229.570373535156250,-2.860543251037597,0.013530103489756,-4.051856040954589,10003.337890625000000,234.972671508789062,-0.004614894744008
107.0000,229.560592651367187,-2.862907409667968,0.013345232233405,-4.122810363769531,10003.440429687500000,236.118148803710937,-0.004771729465574
108.0000,229.550720214843750,-2.864643096923828,0.013161555863916,-4.193810462951660,10003.542968750000000,237.263641357421875,-0.004928562324494
109.0000,229.540756225585937,-2.865754127502441,0.012979211285710,-4.264836311340332,10003.649414062500000,238.409133911132812,-0.005085395183414
110.0000,229.530731201171875,-2.866266250610351,0.012798331677913,-4.335877418518066,10003.756835937500000,239.554611206054687,-0.005242228042334
111.0000,229.520629882812500,-2.866186141967773,0.012619045563042,-4.406914710998535,10003.864257812500000,240.700088500976562,-0.005399062763899
112.0000,229.510437011718750,-2.865527153015136,0.012441475875675,-4.477935791015625,10003.976562500000000,241.845581054687500,-0.005555895622819
113.0000,229.500183105468750,-2.864301681518554,0.012265741825103,-4.548927307128906,10004.088867187500000,242.991058349609375,-0.005712728481739
114.0000,229.489868164062500,-2.862535476684570,0.012091957032680,-4.619872093200683,10004.203125000000000,244.136550903320312,-0.005869561340659
115.0000,229.479446411132812,-2.860223770141601,0.011920230463147,-4.690756797790527,10004.320312500000000,245.282028198242187,-0.006026396062225
116.0000,229.468978881835937,-2.857396125793457,0.011750667355954,-4.761573791503906,10004.437500000000000,246.427520751953125,-0.006183228921145
117.0000,229.458450317382812,-2.854064941406250,0.011583369225263,-4.832307815551757,10004.557617187500000,247.572998046875000,-0.006340061780065
118.0000,229.447830200195312,-2.850236892700195,0.011418431065976,-4.902939796447753,10004.679687500000000,248.718490600585937,-0.006496894638985
119.0000,229.437164306640625,-2.845930099487304,0.011255944147706,-4.973464012145996,10004.801757812500000,249.863967895507812,-0.006653729360550
120.0000,229.426437377929687,-2.841165542602539,0.011095994152128,-5.043870925903320,10004.927734375000000,251.009460449218750,-0.006810562219470
121.0000,229.415618896484375,-2.835949897766113,0.010938664898276,-5.114144325256347,10005.054687500000000,252.154937744140625,-0.006967395078390
122.0000,229.404754638671875,-2.830302238464355,0.010784032754600,-5.184274673461914,10005.181640625000000,253.300430297851562,-0.007124227937310
123.0000,229.393844604492187,-2.824234008789062,0.010632172226905,-5.254252433776855,10005.313476562500000,254.445907592773437,-0.007281062658876
124.0000,229.382827758789062,-2.817760467529296,0.010483151301741,-5.324064254760742,10005.445312500000000,255.591384887695312,-0.007437895517796
125.0000,229.371795654296875,-2.810904502868652,0.010337036103010,-5.393703460693359,10005.578125000000000,256.736877441406250,-0.007594728376716
126.0000,229.360687255859375,-2.803673744201660,0.010193885304033,-5.463160514831543,10005.714843750000000,257.882324218750000,-0.007751561235636
127.0000,229.349502563476562,-2.796074867248535,0.010053755715489,-5.532422065734863,10005.851562500000000,259.027832031250000,-0.007908395491540
128.0000,229.338287353515625,-2.788141250610351,0.009916699491441,-5.601486206054687,10005.990234375000000,260.173309326171875,-0.008065228350460
129.0000,229.327011108398437,-2.779876708984375,0.009782763198018,-5.670339584350586,10006.131835937500000,261.318786621093750,-0.008222061209380
130.0000,229.315673828125000,-2.771293640136718,0.009651992470026,-5.738975524902343,10006.273437500000000,262.464294433593750,-0.008378894068300
131.0000,229.304290771484375,-2.762415885925293,0.009524427354335,-5.807386398315429,10006.417968750000000,263.609771728515625,-0.008535728789865
132.0000,229.292846679687500,-2.753249168395996,0.009400101378560,-5.875560760498046,10006.564453125000000,264.755249023437500,-0.008692561648786
133.0000,229.281356811523437,-2.743818283081054,0.009279047138988,-5.943500518798828,10006.710937500000000,265.900756835937500,-0.008849394507706
134.0000,229.269805908203125,-2.734121322631836,0.009161292575299,-6.011193275451660,10006.861328125000000,267.046203613281250,-0.009006227366626
135.0000,229.258193969726562,-2.724179267883300,0.009046861901879,-6.078633308410644,10007.012695312500000,268.191711425781250,-0.009163062088191
136.0000,229.246551513671875,-2.714019775390625,0.008935776539146,-6.145812034606933,10007.164062500000000,269.337188720703125,-0.009319894947111
