scons: Reading SConscript files ...
scons: done reading SConscript files.
scons: Building targets ...
misc/run_cmd ...
Timer interval: 400000
POK kernel initialized
# Vertical Speed control: 0 m/s -> 2.5 m/s and Airspeed: 230 m/s
# Column headers are:
# - T: simulation time [s] 
# - Va: airspeed [m/s]
# - az: normal acceleration [m/s^2] 
# - q: pitch rate [rad/s] 
# - Vz: vertical speed [m/s] 
# - h: altitude [m] 
# - delta_th_c: commanded throttle [-] 
# - delta_e_c: commanded elevator deflection [rad] 
# T, Va, Az, q, Vz, h, delta_th_c, delta_e_c
0.00000000000000,230.000015258789062,0.053991317749023,0.000000000000000,0.000000000000000,10000.000000000000000,1.586866021156311,0.012009616009891
1.586858630180358,0.012028686702251
1.587465524673461,0.012059215456247
1.589071869850158,0.012122155167162
1.591363072395324,0.012207343243062
1.594072818756103,0.012305224314332
1.596977829933166,0.012408127076923
1.599893689155578,0.012510467320680
1.602677226066589,0.012608433142304
1.605190873146057,0.012699388898909
1.607344985008239,0.012781509198248
1.609067320823669,0.012853577733039
1.610298514366149,0.012914737686514
1.611013770103454,0.012964417226612
1.611191034317016,0.013002352789044
1.610831379890441,0.013028528541326
1.609941720962524,0.013043144717812
1.608556151390075,0.013046646490693
1.606703877449035,0.013039690442383
1.604437112808227,0.013023093342781
1.601799964904785,0.012997830286622
1.598863840103149,0.012965005822479
1.595689058303833,0.012925805523991
1.592330217361450,0.012881476432085
1.588857889175415,0.012833314016461
1.585327148437500,0.012782613746821
1.581798672676086,0.012730653397738
1.578338503837585,0.012678681872785
1.575001239776611,0.012627891264855
1.571830034255981,0.012579394504427
1.568870186805725,0.012534221634268
1.566161990165710,0.012493300251662
1.563732028007507,0.012457439675927
1.561608314514160,0.012427335605025
1.559804916381835,0.012403555214405
1.558352112770080,0.012386533431708
1.557251095771789,0.012376576662063
1.556504726409912,0.012373862788081
1.556109786033630,0.012378438375890
1.556057214736938,0.012390231713652
1.556333184242248,0.012409055605530
1.556911349296569,0.012434614822268
1.557768821716308,0.012466518208384
1.558878898620605,0.012504287995398
1.560211896896362,0.012547370046377
1.561743140220642,0.012595147825777
1.563438773155212,0.012646954506635
1.565256357192993,0.012702086940407
1.567160248756408,0.012759816832840
1.569114804267883,0.012819401919841
3.15000000000000,229.958618164062500,0.182971954345703,-0.000716841837856,0.097777366638183,10000.105468750000000,1.571092605590820,0.012880103662610
1.573059678077697,0.012941191904246
1.574969053268432,0.013001960702240
1.576790571212768,0.013061734847724
1.578503847122192,0.013119882903993
1.580076575279235,0.013175824657082
1.581494212150573,0.013229034841060
1.582738161087036,0.013279048725962
1.583785653114318,0.013325470499694
1.584632515907287,0.013367973268032
1.585262775421142,0.013406300917267
1.585679292678833,0.013440270908176
1.585888028144836,0.013469772413372
1.585883498191833,0.013494764454662
1.585670709609985,0.013515274040400
1.585250020027160,0.013531392440199
1.584639191627502,0.013543269596993
1.583858609199523,0.013551107607781
1.582908153533935,0.013555161654949
1.581811666488647,0.013555726967751
1.580587148666381,0.013553131371736
1.579260706901550,0.013547735288739
1.577837109565734,0.013539918698370
1.576343655586242,0.013530078344047
1.574800252914428,0.013518616557121
1.573218703269958,0.013505935668945
1.571625709533691,0.013492435216903
1.570039033889770,0.013478500768542
1.568475842475891,0.013464500196278
1.566944122314453,0.013450780883431
1.565457820892334,0.013437660411000
1.564029574394226,0.013425428420305
1.562669754028320,0.013414339162409
1.561387062072753,0.013404610566794
1.560180783271789,0.013396420516073
1.559070587158203,0.013389910571277
1.558051943778991,0.013385180383920
1.557125806808471,0.013382291421294
1.556298732757568,0.013381262309849
1.555560588836669,0.013382080011069
1.554907321929931,0.013384691439568
1.554333090782165,0.013389010913670
1.553823709487915,0.013394923880696
1.553370714187622,0.013402287848293
1.552972555160522,0.013410938903689
1.552604556083679,0.013420689851045
1.552263617515564,0.013431338593363
1.551938772201538,0.013442669995129
1.551626324653625,0.013454460538923
1.551315426826477,0.013466485776007
6.30000000000000,230.043060302734375,0.303784370422363,-0.001269727596081,0.830427169799804,9998.807617187500000,1.550994873046875,0.013478515669703
1.550654053688049,0.013490326702594
1.550283074378967,0.013501700013875
1.549864649772644,0.013512426987290
1.549397587776184,0.013522310182452
1.548866510391235,0.013531169854104
1.548256754875183,0.013538840226829
1.547577261924743,0.013545176945626
1.546815514564514,0.013550055213272
1.545975089073181,0.013553370721638
1.545045614242553,0.013555043376982
1.544032812118530,0.013555014505982
1.542943358421325,0.013553246855735
1.541770339012146,0.013549729250371
1.540507555007934,0.013544467277824
1.539157152175903,0.013537488877773
1.537722229957580,0.013528840616345
1.536214113235473,0.013518585823476
1.534637093544006,0.013506805524230
1.532996416091918,0.013493593782186
1.531297326087951,0.013479053974151
1.529545783996582,0.013463302515447
1.527747750282287,0.013446460478007
1.525902152061462,0.013428657315671
1.524022579193115,0.013410024344921
1.522107720375061,0.013390693813562
1.520156145095825,0.013370794244110
1.518181204795837,0.013350454159080
1.516180634498596,0.013329799287021
1.514166951179504,0.013308944180607
1.512152194976806,0.013287998735904
1.510133147239685,0.013267065398395
1.508120656013488,0.013246231712400
1.506110191345214,0.013225577771663
1.504096746444702,0.013205168768763
1.502089619636535,0.013185063377022
1.500089883804321,0.013165303505957
1.498098134994506,0.013145919889211
1.496129274368286,0.013126933015882
1.494175314903259,0.013108349405229
1.492235183715820,0.013090165331959
1.490300059318542,0.013072364963591
1.488375306129455,0.013054926879704
1.486443996429443,0.013037818484008
1.484518289566040,0.013021000660955
1.482587695121765,0.013004427775740
1.480656862258911,0.012988047674298
