# File generated with the following command
# /home/erk/local/RTAS/bin/lsmc_run-nort -l /home/erk/workspace/schedmcore-RTAS2014/Case_Study_RTAS/prelude/b/libassemblage_v5-noencoding.so -c 1 -b 1000 -m 20000 -v 0
# Column headers are:
#   - T: simulation time [s]
#   - Va: airspeed [m/s]
#   - az: normal acceleration [m/s^2]
#   - q: pitch rate [rad/s]
#   - Vz: vertical speed [m/s]
#   - h: altitude [m]
#   - delta_th_c: commanded throttle [-]
#   - delta_e_c: commanded elevator deflection [rad]
# 
# T       Va                  Az                q                 Vz                h                     delta_th_c         delta_e_c 
#  0.0000  230.000000000000028 0.000006963226284 0.000000000000000 0.000000000000000 10000.000000000000000  1.586866079492600  0.012009615652468
 0.0200  230.000003501089509 0.000006572640119 0.000000070312166 0.000000043907528 9999.999999999659849  0.0400  230.000007001555275 0.000006007523741 0.000000139997875 0.000000078702109 9999.999999998504791  1.128682208362055  0.011946874880107
 0.0600  229.999998783968834 0.000018367554661 0.000000220189172 0.000000434757156 9999.999999996223778  0.0800  229.999932511712814 0.000073572259883 0.000000590911898 0.000002932001602 9999.999999972980731  0.670499184057380  0.011884143976062
 0.1000  229.999793619791404 0.000153319110417 0.000001546480908 0.000008607468192 9999.999999878353265  0.1200  229.999536700102908 0.000269370321350 0.000003381303625 0.000019329828132 9999.999999634381311  0.212320826004748  0.011821337378875
 0.1400  229.999148039160588 0.000396504345147 0.000006283614814 0.000035917991640 9999.999999133920937  0.1600  229.998583049329483 0.000545512943201 0.000010410983765 0.000059936291786 9999.999998247500116  -0.245834725275695  0.011758692920555
 0.1800  229.997828828482028 0.000692761349370 0.000015826503085 0.000091903245576 9999.999996822605681  0.2000  229.996841600953417 0.000851422855424 0.000022588987183 0.000133122090502 9999.999994690140738  -0.703933751869988  0.011696787342047
 0.2200  229.995609276621906 0.001000166219049 0.000030691456106 0.000183899380622 9999.999991662825778  0.2400  229.994088893777388 0.001153810202062 0.000040144506821 0.000245365869716 9999.999987540708389  -1.161936535950148  0.011636217183696
 0.2600  229.992269169745981 0.001292542319202 0.000050911030681 0.000317690486661 9999.999982108851327  0.2800  229.990107949590964 0.001431760857928 0.000062981187061 0.000401886252238 9999.999975142203766  -1.619805856360466  0.011577418911092
 0.3000  229.987594743900019 0.001552642179385 0.000076305958974 0.000498023313457 9999.999966402969221  0.3200  229.984688189792138 0.001670568942151 0.000090866246800 0.000607023730892 9999.999955645114824  -2.077509688548463  0.011520625760605
 0.3400  229.981378571870351 0.001767538836898 0.000106607779879 0.000728877956016 9999.999942611626466  0.3600  229.977625301323201 0.001858693932350 0.000123506312723 0.000864431931835 9999.999927038772512  -2.535019507110994  0.011465900258208
 0.3800  229.973419416096931 0.001926838570963 0.000141504893902 0.001013608790410 9999.999908653357124  0.4000  229.968721082782253 0.001986818724760 0.000160576162925 0.001177190038526 9999.999887176731136  -2.992307022464749  0.011413191595751
 0.4200  229.963522072143945 0.002022244116361 0.000180662032332 0.001355042497618 9999.999862322063564  0.4400  229.957783287900554 0.002047662881942 0.000201733540951 0.001547894362276 9999.999833798123291  -3.449341266289143  0.011362386976627
 0.4600  229.951497213673321 0.002047460611799 0.000223732690606 0.001755566808150 9999.999801306548761  0.4800  229.944625472786498 0.002035897694203 0.000246630122155 0.001978745365601 9999.999764545427752  -3.906086723421732  0.011313346248864
 0.5000  229.937161242349219 0.001998083183191 0.000270368836802 0.002217215615723 9999.999723206565250  0.5200  229.929066848644226 0.001948003161653 0.000294919920016 0.002471630254592 9999.999676978854040  -4.362502463149387  0.011265920977416
 0.5400  229.920336143473605 0.001871429386995 0.000320227938648 0.002741748443853 9999.999625545562594  0.5600  229.910932140366242 0.001782090749087 0.000346264929602 0.003028198934294 9999.999568587512840  -4.818541960979618  0.011219963062651
 0.5800  229.900849347599774 0.001666362061142 0.000372977308994 0.003330722754888 9999.999505780375330  0.6000  229.890051451201032 0.001537736058037 0.000400338331408 0.003649932745994 9999.999436797681483  -5.274153309693466  0.011175327732351
 0.6200  229.878533598295860 0.001383135339781 0.000428296364385 0.003985559330077 9999.999361308131483  0.6400  229.866260133624195 0.001215840433801 0.000456826008500 0.004338206771165 9999.999278978442817  -5.729279614779848  0.011131874111286
 0.6600  229.853226826125990 0.001023270638141 0.000485877591518 0.004707601793242 9999.999189470669080  0.6800  229.839398666401735 0.000818519679139 0.000515427124436 0.005094346845309 9999.999092444912094  -6.183859461627847  0.011089465052914
 0.7000  229.824772028751539 0.000589455406161 0.000545426866318 0.005498171343214 9999.998987556638895  0.7200  229.809312537664226 0.000349010425753 0.000575854279728 0.005919682186590 9999.998874459275612  -6.637827402347945  0.011047966929794
 0.7400  229.793017156900106 0.000085454856844 0.000606663515296 0.006358617409401 9999.998752801517185  0.7600  229.775852133680786 -0.000188414570973 0.000637833521680 0.006815594167954 9999.998622229801185  -7.091114441498098  0.011007249572853
 0.7800  229.757815005847561 -0.000483970489883 0.000669320299762 0.007290364598630 9999.998482385628449  0.8000  229.738872632947789 -0.000788527574345 0.000701104316175 0.007783561473855 9999.998332907931399  -7.543648513107852  0.010967186347548
 0.8200  229.719023112009523 -0.001113145180323 0.000733143380170 0.008294956082014 9999.998173430380120  0.8400  229.698233905179166 -0.001445225793372 0.000765419504693 0.008825201728698 9999.998003583665195  -7.995354945512180  0.010927654304182
 0.8600  229.676503654227645 -0.001795558409727 0.000797892263440 0.009374093472185 9999.997822992801957  0.8800  229.653800414788122 -0.002151610626118 0.000830545238650 0.009942309629123 9999.997631279322377  -8.446156911206629  0.010888534346949
 0.9000  229.630123359348289 -0.002523942842132 0.000863339721051 0.010529673217893 9999.997428058568403  0.9200  229.605441128467447 -0.002900065943674 0.000896260878580 0.011136891610465 9999.997212941829275  -8.895975858844178  0.010849711386942
 0.9400  229.579753411710954 -0.003290352230321 0.000929271667361 0.011763819554549 9999.996985533607585  0.9600  229.553029426496721 -0.003682334917562 0.000962358850443 0.012411197096400 9999.996745433702017  -9.344731924525879  0.010811074461951
 0.9800  229.525269366187842 -0.004086237337361 0.000995486993448 0.013078914070679 9999.996492234464313  1.0000  229.496443017431204 -0.004489594927053 0.001028644457120 0.013767746402470 9999.996225522827444  -9.792344319859211  0.010772516817010
 1.0200  229.466551064441518 -0.004902519744997 0.001061797356806 0.014477621970927 9999.995944877544389  1.0400  229.435563855851228 -0.005312530186959 0.001094935647195 0.015209355382849 9999.995649871181740  -10.238731694774119  0.010733935945596
 1.0600  229.403482554090687 -0.005729663241416 0.001128026930281 0.015962915132499 9999.995340067342113  1.0800  229.370278062873837 -0.006141401835457 0.001161062745263 0.016739156923790 9999.995015022625012  -10.683812473681403  0.010695233594112
 1.1000  229.335952010499028 -0.006557742568186 0.001194012115044 0.017538092064127 9999.994674283829227  1.1200  229.300475849153258 -0.006966115296230 0.001226868148877 0.018360619397615 9999.994317389890057  -11.127505164144825  0.010656315733266
 1.1400  229.263851660924843 -0.007376509369445 0.001259601222798 0.019206794885438 9999.993943869067152  1.1600  229.226051440120870 -0.007776284782226 0.001292205997299 0.020077562198592 9999.993553240870824  -11.569728637768947  0.010617092500202
 1.1800  229.187077710793432 -0.008175455230841 0.001324654132313 0.020973023451091 9999.993145013217145  1.2000  229.146903003236616 -0.008561294846377 0.001356941817008 0.021894168487608 9999.992718684359716  -12.010402383465934  0.010577478115141
 1.2200  229.105530271875836 -0.008943871729556 0.001389041925043 0.022841146748758 9999.992273740017481  1.2400  229.062932577046382 -0.009310358914275 0.001420952148527 0.023814995276594 9999.991809655311954  -12.449446733646706  0.010537390776110
 1.2600  229.019113292178758 -0.009670907442942 0.001452646504210 0.024815911703407 9999.991325891858651  1.2800  228.974046001861950 -0.010012574758697 0.001484124158756 0.025844980986314 9999.990821899740695  -12.886783064194477  0.010496752535109
 1.3000  228.927734487372561 -0.010345621886907 0.001515360201320 0.026902449522449 9999.990297114551140  1.3200  228.880152851898856 -0.010656976897053 0.001546355242571 0.027989450612844 9999.989750959384764  -13.322333969323699  0.010455489158882
 1.3400  228.831305273602908 -0.010957036375036 0.001577085373694 0.029106279717580 9999.989182841864022  1.3600  228.781166368727980 -0.011232585912374 0.001607552617087 0.030254118638801 9999.988592156158120  -13.756023412617072  0.010413529977218
 1.3800  228.729740701549730 -0.011494181807587 0.001637733996232 0.031433311939380 9999.987978279967137  1.4000  228.677003395913090 -0.011728454715051 0.001667632911645 0.032645089825225 9999.987340576577481  -14.187776855669254  0.010370807721508
 1.4200  228.622959391615865 -0.011946143415798 0.001697227250278 0.033889845760254 9999.986678391813257  1.4400  228.567584314724883 -0.012133711778043 0.001726521756190 0.035168858019147 9999.985991056139028  -14.617521365859629  0.010327258356085
 1.4600  228.510883470141465 -0.012302102500543 0.001755495112120 0.036482568540053 9999.985277881572983  1.4800  228.452832980834586 -0.012437601391021 0.001784153370442 0.037832303110418 9999.984538163827892  -15.045185704832223  0.010282820904627
 1.5000  228.393438506556862 -0.012551375217123 0.001812475943346 0.039218551506923 9999.983771179196992  1.5200  228.332676661907271 -0.012629520990659 0.001840470155923 0.040642686269122 9999.982976186742235  -15.470700399282920  0.010237437273717
 1.5400  228.270553451398740 -0.012683448468263 0.001868116084981 0.042105244183529 9999.982152425140157  1.5600  228.207045976025682 -0.012699055633599 0.001895422292621 0.043607643592428 9999.981299114941066  -15.893997795650430  0.010191052075419
 1.5800  228.142160575126525 -0.012688012976039 0.001922369457070 0.045150467285982 9999.980415455358525  1.6000  228.075874830886193 -0.012636009686767 0.001948967341834 0.046735178286657 9999.979500626595836  -16.315012100279876  0.010143612450522
 1.6200  228.008195407686713 -0.012554993611063 0.001975197165096 0.048362404219648 9999.978553786597331  1.6400  227.939100363721622 -0.012430435816521 0.002001069856455 0.050033651506957 9999.977574073445794  -16.733679406582592  0.010095067893902
 1.6600  227.868596678783348 -0.012274577062893 0.002026567114401 0.051749591292392 9999.976560602062818  1.6800  227.796662881910521 -0.012072661362772 0.002051700999765 0.053511771973351 9999.975512466673536  -17.149937710655212  0.010045370083254
 1.7000  227.723306258819406 -0.011837236940345 0.002076453633565 0.055320906762148 9999.974428737476046  1.7200  227.648505804244365 -0.011553312188973 0.002100838173595 0.057178584478027 9999.973308463180729  -17.563726916749818  0.009994472712259
 1.7400  227.572269100482941 -0.011233756393814 0.002124837107511 0.059085558831645 9999.972150667623282  1.7600  227.494575602828149 -0.010863334101050 0.002148464656505 0.061043457394671 9999.970954352385888  -17.974988833906000  0.009942331329066
 1.7800  227.415433180958132 -0.010455248354269 0.002171703620905 0.063053072699010 9999.969718493368418  1.8000  227.334821745597594 -0.009994011931074 0.002194569252528 0.065116069296495 9999.968442043491450  -18.383667164969907  0.009888903180828
 1.8200  227.252749444745206 -0.009493173484872 0.002217044612310 0.067233276768806 9999.967123929216541  1.8400  227.169196639440202 -0.008936986382055 0.002239145950797 0.069406394785302 9999.965763053331102  -18.789707489135800  0.009834147064852
 1.8600  227.084171747080603 -0.008339355942372 0.002260856539374 0.071636288123628 9999.964358291426834  1.8800  226.997655573912226 -0.007684268730948 0.002282193596342 0.073924689629595 9999.962908494777366  -19.193057239053608  0.009778023186810
 1.9000  226.909656797949395 -0.006985997045057 0.002303140555251 0.076272497352164 9999.961412486747577  1.9200  226.820156665546961 -0.006228253486722 0.002323715572152 0.078681475305443 9999.959869065776729  -19.593665673454645  0.009720493026309
 1.9400  226.729164106688984 -0.005425686944010 0.002343902196319 0.081152552825207 9999.958277001738679  1.9600  226.636660802752630 -0.004561729099647 0.002363719492553 0.083687523029443 9999.956635038997774  -19.991483846157063  0.009661519210042
 1.9800  226.542655927181613 -0.003651414393197 0.002383151081212 0.086287344506801 9999.954941892738134
