# File generated with the following command
# /home/erk/local/RTAS/bin/lsmc_run-nort -l /home/erk/workspace/schedmcore-RTAS2014/Case_Study_RTAS/prelude/b/libassemblage_v4-noencoding.so -c 1 -b 1000 -m 20000 -v 0
# Column headers are:
#   - T: simulation time [s]
#   - Va: airspeed [m/s]
#   - az: normal acceleration [m/s^2]
#   - q: pitch rate [rad/s]
#   - Vz: vertical speed [m/s]
#   - h: altitude [m]
#   - delta_th_c: commanded throttle [-]
#   - delta_e_c: commanded elevator deflection [rad]
# 
# T       Va                  Az                q                 Vz                h                     delta_th_c         delta_e_c 
#  0.0000  230.000000000000028 0.000006963226284 0.000000000000000 0.000000000000000 10000.000000000000000  1.586866079492600  0.012009615652468
 0.0200  230.000003501089509 0.000006572640114 0.000000070312166 0.000000043907528 9999.999999999659849  0.011978244166991
 1.586866091903903  0.0400  230.000007001555275 0.000006007523712 0.000000139997875 0.000000078702109 9999.999999998504791  0.011946874880107
 1.586866226474139  0.0600  230.000010503984782 0.000011406807054 0.000000214610439 0.000000111870489 9999.999999996742190  0.011915512979333
 1.586866575072099  0.0800  230.000014082299941 0.000042240985113 0.000000439781269 0.000000425055302 9999.999999992969606  0.011884151225997
 1.586867186563442  0.1000  230.000017883008638 0.000102195462171 0.000001102820072 0.000001571118768 9999.999999977604602  1.586868341159043  0.011852773176933
 0.1200  230.000022056484028 0.000185932262966 0.000002498303800 0.000004097422354 9999.999999929734258  0.011821380539070
 1.586871031222991  0.1400  230.000026725319060 0.000284705552284 0.000004867852292 0.000008413313220 9999.999999818417564  0.011790007767735
 1.586877250545341  0.1600  230.000031975407865 0.000389331882557 0.000008384677566 0.000014747754077 9999.999999605861376  0.011758717229221
 1.586889959363594  0.1800  230.000037858173982 0.000491501991096 0.000013159514161 0.000023152305246 9999.999999251042027  0.011727587194018
 1.586912804474321  0.2000  230.000044397047986 0.000584156451934 0.000019254158543 0.000033522279764 9999.999998713114110  1.586949729654858  0.011696700551291
 0.2200  230.000051594540054 0.000661409366472 0.000026695478607 0.000045621418909 9999.999997954360879  0.011666136526158
 1.587004592423573  0.2400  230.000059438301406 0.000718308742062 0.000035486911086 0.000059103517623 9999.999996942633516  0.011635965330620
 1.587080859147365  0.2600  230.000067905719732 0.000750582737941 0.000045616758084 0.000073529037463 9999.999995653435690  0.011606245209719
 1.587181407745398  0.2800  230.000076967142860 0.000754434045136 0.000057063656527 0.000088376989653 9999.999994071686160  0.011577021364111
 1.587308436211414  0.3000  230.000086588028637 0.000726397120831 0.000069799943788 0.000103053204483 9999.999992193283106  1.587463457525804  0.011548326261936
 0.3200  230.000096730337873 0.000663250872952 0.000083793634818 0.000116896201158 9999.999990026522937  0.011520180870550
 1.587647354825389  0.3400  230.000107353435794 0.000561971902798 0.000099009575361 0.000129181652898 9999.999987593404512  0.011492596387137
 1.587860471304478  0.3600  230.000118414691713 0.000419713388901 0.000115410157334 0.000139126138426 9999.999984930864230  0.011465576132448
 1.588102713862607  0.3800  230.000129869899666 0.000233797784190 0.000132955828837 0.000145890594897 9999.999982091934726  0.011439117372952
 1.588373655465016  0.4000  230.000141673593504 0.000001715292825 0.000151605519490 0.000148583680612 9999.999979146818077  1.588672626933262  0.011413212931537
 0.4200  230.000153779293782 -0.000278876570849 0.000171317030991 0.000146265122305 9999.999976183920808  0.011387852522845
 1.588998793610223  0.4400  230.000166139706437 -0.000610154579796 0.000192047404024 0.000137949048201 9999.999973310801579  0.011363023803018
 1.589351215764621  0.4600  230.000178706880462 -0.000994133213755 0.000213753255890 0.000122607276688 9999.999970655060679  0.011338713156779
 1.589728893776951  0.4800  230.000191432330610 -0.001432669713692 0.000236391079363 0.000099172524486 9999.999968365156747  0.011314906261800
 1.590130800307121  0.5000  230.000204267127373 -0.001927470230683 0.000259917495820 0.000066541505407 9999.999966611170748  1.590555902063648  0.011291588475775
 0.5200  230.000217161958744 -0.002480096479662 0.000284289460302 0.000023577902120 9999.999965585499012  0.011268745089820
 1.591003173737739  0.5400  230.000230067168019 -0.003091972411911 0.000309464420543 -0.000030884795350 9999.999965503498970  0.011246361486059
 1.591471606345112  0.5600  230.000242932772295 -0.003764390576402 0.000335400435144 -0.000098040582182 9999.999966604063957  0.011224423229917
 1.591960211789181  0.5800  230.000255708466284 -0.004498517992049 0.000362056257679 -0.000179108354719 9999.999969150163452  0.011202916120304
 1.592468025020499  0.6000  230.000268343615886 -0.005295401472715 0.000389391393967 -0.000275329439542 9999.999973429314196  1.592994104775413  0.011181826214330
 0.6200  230.000280787244975 -0.006155972427935 0.000417366139229 -0.000387965224892 9999.999979754013111  0.011161139837864
 1.593537533556961  0.6400  230.000292988018202 -0.007081051207823 0.000445941600875 -0.000518294884487 9999.999988462119290  0.011140843589197
 1.594097417277062  0.6600  230.000304894222381 -0.008071351078581 0.000475079711521 -0.000667613185314 9999.999999917197783  0.011120924340111
 1.594672884804601  0.6800  230.000316453747644 -0.009127481915165 0.000504743235633 -0.000837228372684 10000.000014508816093  0.011101369236700
 1.595263087546274  0.7000  230.000327614069477 -0.010249953686660 0.000534895772227 -0.001028460127530 10000.000032652791560  1.595867199113015  0.011082165700979
 0.7200  230.000338322232579 -0.011439179795001 0.000565501755193 -0.001242637592282 10000.000054791413277  0.011063301433571
 1.596484415081833  0.7400  230.000348524836483 -0.012695480311582 0.000596526452234 -0.001481097462791 10000.000081393609435  0.011044764417387
 1.597113952840725  0.7600  230.000358168023183 -0.014019085142365 0.000627935962945 -0.001745182144422 10000.000112955087388  0.011026542921981
 1.597755051495347  0.7800  230.000367197467341 -0.015410137140549 0.000659697216298 -0.002036237971160 10000.000149998437337  0.011008625508262
 1.598406971814767  0.8000  230.000375558367864 -0.016868695177187 0.000691777967613 -0.002355613486678 10000.000193073192349  1.599068996196170  0.010991001033243
 0.8200  230.000383195442282 -0.018394737174333 0.000724146795016 -0.002704657786617 10000.000242755866566  0.010973658654568
 1.599740428632306  0.8400  230.000390052922256 -0.019988163101331 0.000756773095336 -0.003084718921298 10000.000299649949739  0.010956587834633
 1.600420594669478  0.8600  230.000396074551560 -0.021648797932805 0.000789627079398 -0.003497142358161 10000.000364385872672  0.010939778344147
 1.601108841348067  0.8800  230.000401203585454 -0.023376394565547 0.000822679766664 -0.003943269503101 10000.000437620950834  0.010923220265062
 1.601804537120058  0.9000  230.000405382791826 -0.025170636691609 0.000855902979209 -0.004424436279879 10000.000520039286130  1.602507071741108  0.010906903992814
 0.9200  230.000408554453884 -0.027031141624391 0.000889269335018 -0.004941971766705 10000.000612351652308  0.010890820237865
 1.603215856135458  0.9400  230.000410660374428 -0.028957463075463 0.000922752240625 -0.005497196889026 10000.000715295345799  0.010874960026530
 1.603930322234068  0.9600  230.000411641881755 -0.030949093879702 0.000956325883107 -0.006091423167520 10000.000829634007459  0.010859314701127
 1.604649922786254  0.9800  230.000411439836853 -0.033005468667119 0.000989965221476 -0.006725951520249 10000.000956157438850  0.010843875919457
 1.605374131146473  1.0000  230.000409994641984 -0.035125966479924 0.001023645977501 -0.007402071117880 10000.001095681363950  1.606102441037226  0.010828635653648
 1.0200  230.000407246250973 -0.037309913333774 0.001057344626018 -0.008121058290889 10000.001249047205420  0.010813586188401
 1.606834366290153  1.0400  230.000403134180232 -0.039556584722483 0.001091038384748 -0.008884175487606 10000.001417121806298  0.010798720118672
 1.607569440566604  1.0600  230.000397597521896 -0.041865208065625 0.001124705203699 -0.009692670281974 10000.001600797146239  0.010784030346826
 1.608307217059697  1.0800  230.000390574957351 -0.044234965098580 0.001158323754173 -0.010547774429883 10000.001800990039555  0.010769510079294
 1.609047268179358  1.1000  230.000382004772661 -0.046664994205063 0.001191873417436 -0.011450702972903 10000.002018641813265  1.609789185222059  0.010755152822780
 1.1200  230.000371824874946 -0.049154392691857 0.001225334273085 -0.012402653388287 10000.002254717965116  0.010740952380047
 1.610532578026783  1.1400  230.000359972809491 -0.051702219005939 0.001258687087159 -0.013404804784080 10000.002510207803425  0.010726902845321
 1.611277074618859  1.1600  230.000346385778784 -0.054307494894264 0.001291913300027 -0.014458317138173 10000.002786124081467  0.010712998599334
 1.612022320842984  1.1800  230.000331000661674 -0.056969207506208 0.001324995014094 -0.015564330580164 10000.003083502599111  0.010699234304066
 1.612767979986942  1.2000  230.000313754034181 -0.059686311439403 0.001357914981353 -0.016723964714888 10000.003403401806281  1.613513732397334  0.010685604897182
 1.2200  230.000294582191032 -0.062457730729038 0.001390656590822 -0.017938317986473 10000.003746902391867  0.010672105586227
 1.614259275088540  1.2400  230.000273421167947 -0.065282360781437 0.001423203855892 -0.019208467081789 10000.004115106847166  0.010658731842589
 1.615004321346215  1.2600  230.000250206765003 -0.068159070252245 0.001455541401620 -0.020535466372209 10000.004509139031143  0.010645479395263
 1.615748600326335  1.2800  230.000224874570733 -0.071086702870101 0.001487654451978 -0.021920347392542 10000.004930143719321  0.010632344224445
 1.616491856650979  1.3000  230.000197359986913 -0.074064079206165 0.001519528817108 -0.023364118356077 10000.005379286147217  1.617233850001801  0.010619322554981
 1.3200  230.000167598254109 -0.077089998390599 0.001551150880581 -0.024867763704635 10000.005857751533767  0.010606410849691
 1.617974354712143  1.3400  230.000135524477855 -0.080163239776505 0.001582507586700 -0.026432243692609 10000.006366744604748  0.010593605802597
 1.618713159358647  1.3600  230.000101073655600 -0.083282564552231 0.001613586427849 -0.028058494003904 10000.006907489108926  0.010580904332072
 1.619450066353332  1.3800  230.000064180703845 -0.086446717302925 0.001644375431931 -0.029747425400784 10000.007481227323296  0.010568303573937
 1.620184891536725  1.4000  230.000024780486200 -0.089654427522149 0.001674863149877 -0.031499923403596 10000.008089219552858  1.620917463772924  0.010555800874519
 1.4200  229.999982807841832 -0.092904411074569 0.001705038643282 -0.033316848000396 10000.008732743617657  0.010543393783689
 1.621647624547156  1.4400  229.999938197613972 -0.096195371610477 0.001734891472141 -0.035199033385472 10000.009413094347110  0.010531080047900
 1.622375227566492  1.4600  229.999890884679331 -0.099526001933269 0.001764411682729 -0.037147287725849 10000.010131583059774  0.010518857603247
 1.623100138364289  1.4800  229.999840803977577 -0.102894985320722 0.001793589795622 -0.039162392954819 10000.010889537041294  0.010506724568541
 1.623822233908917  1.5000  229.999787890540858 -0.106300996801057 0.001822416793869 -0.041245104591564 10000.011688299015077  1.624541402217080  0.010494679238445
 1.5200  229.999732079524307 -0.109742704384887 0.001850884111326 -0.043396151586002 10000.012529226618426  0.010482720076655
 1.625257541972381  1.5400  229.999673306235735 -0.113218770253802 0.001878983621160 -0.045616236187970 10000.013413691867754  0.010470845709154
 1.625970562149309  1.5600  229.999611506166502 -0.116727851906829 0.001906707624537 -0.047906033839880 10000.014343080621984  0.010459054917541
 1.626680381643187  1.5800  229.999546615021671 -0.120268603265588 0.001934048839480 -0.050266193092003 10000.015318792049584  0.010447346632456
 1.627386928906277  1.6000  229.999478568750817 -0.123839675739207 0.001961000389922 -0.052697335539587 10000.016342238084690  1.628090141590280  0.010435719927098
 1.6200  229.999407303578664 -0.127439719249981 0.001987555794956 -0.055200055780994 10000.017414842895960  0.010424174010855
 1.628789966195578  1.6400  229.999332756035528 -0.131067383220659 0.002013708958265 -0.057774921396062 10000.018538042337241  0.010412708223036
 1.629486357727333  1.6600  229.999254862988096 -0.134721317524537 0.002039454157768 -0.060422472943970 10000.019713283412784  0.010401322026739
 1.630179279358659  1.6800  229.999173561669949 -0.138400173399058 0.002064786035451 -0.063143223979835 10000.020942023733369  0.010390015002833
 1.630868702101011  1.7000  229.999088789711834 -0.142102604324075 0.002089699587407 -0.065937661089331 10000.022225730977880  1.631554604481867  0.010378786844079
 1.7200  229.999000485172076 -0.145827266865615 0.002114190154077 -0.068806243940633 10000.023565882362163  0.010367637349377
 1.632236972229868  1.7400  229.998908586566756 -0.149572821486146 0.002138253410686 -0.071749405352980 10000.024963964086055  0.010356566418162
 1.632915797967397  1.7600  229.998813032899307 -0.153337933322145 0.002161885357896 -0.074767551381238 10000.026421470811329  0.010345574044935
 1.633591080910692  1.7800  229.998713763690517 -0.157121272929992 0.002185082312641 -0.077861061415760 10000.027939905116000  0.010334660313945
 1.634262826577493  1.8000  229.998610719007786 -0.160921517001015 0.002207840899174 -0.081030288296955 10000.029520776965001  1.634931046502276  0.010323825394010
 1.8200  229.998503839494219 -0.164737349046492 0.002230158040312 -0.084275558443952 10000.031165603186309  0.010313069533489
 1.635595757958945  1.8400  229.998393066397398 -0.168567460053614 0.002252030948872 -0.087597171996726 10000.032875906939807  0.010302393055407
 1.636256983691136  1.8600  229.998278341597910 -0.172410549113113 0.002273457119300 -0.090995402971170 10000.034653217186133  0.010291796352723
 1.636914751649886  1.8800  229.998159607637291 -0.176265324019379 0.002294434319499 -0.094470499426493 10000.036499068177363  0.010281279883749
 1.637569094738732  1.9000  229.998036807745819 -0.180130501843941 0.002314960582842 -0.098022683644460 10000.038414998929511  1.638220050566149  0.010270844167723
 1.9200  229.997909885869717 -0.184004809483010 0.002335034200368 -0.101652152319874 10000.040402552709565  0.010260489780521
 1.638867661205194  1.9400  229.997778786697921 -0.187886984179888 0.002354653713161 -0.105359076761853 10000.042463276537092  0.010250217350526
 1.639511972960314  1.9600  229.997643455688603 -0.191775774023021 0.002373817904917 -0.109143603105374 10000.044598720654903  0.010240027554635
 1.640153036141224  1.9800  229.997503839094833 -0.195669938420238 0.002392525794674 -0.113005852532581 10000.046810438056127  0.010229921114416
 1.640790904843644
