# File generated with the following command
# /home/erk/local/RTAS/bin/lsmc_run-nort -l /home/erk/workspace/schedmcore-RTAS2014/Case_Study_RTAS/prelude/b/libassemblage_v3-noencoding.so -c 1 -b 1000 -m 20000 -v 0
# Column headers are:
#   - T: simulation time [s]
#   - Va: airspeed [m/s]
#   - az: normal acceleration [m/s^2]
#   - q: pitch rate [rad/s]
#   - Vz: vertical speed [m/s]
#   - h: altitude [m]
#   - delta_th_c: commanded throttle [-]
#   - delta_e_c: commanded elevator deflection [rad]
# 
# T       Va                  Az                q                 Vz                h                     delta_th_c         delta_e_c 
#  0.0000  230.000000000000028 0.000006963226284 0.000000000000000 0.000000000000000 10000.000000000000000  1.586866079492600  0.012009615652468
 0.0200  230.000003501089509 0.000006572640119 0.000000070312166 0.000000043907528 9999.999999999659849  0.011978244166991
 1.586866091903903  0.0400  230.000007004391165 0.000012142874807 0.000000145579839 0.000000089647312 9999.999999998504791  0.011946874880107
 1.586866226474139  0.0600  230.000010583824945 0.000043144392340 0.000000371433481 0.000000418790183 9999.999999995065082  0.011915506712654
 1.586866597890048  0.0800  230.000014385897714 0.000103263792679 0.000001035182966 0.000001584128094 9999.999999979683707  0.011884123818935
 1.586867528292539  0.1000  230.000018561007039 0.000187169870594 0.000002431436038 0.000004133011358 9999.999999931389539  1.586870033347554  0.011852727398156
 0.1200  230.000023231874707 0.000286126186536 0.000004801937563 0.000008474957077 9999.999999819172444  0.011821351624246
 1.586876116696180  0.1400  230.000028484708224 0.000390941327524 0.000008320074591 0.000014839184064 9999.999999605164703  0.011790058798481
 1.586888739661102  0.1600  230.000034371438687 0.000493267170336 0.000013096568534 0.000023277116235 9999.999999248268068  0.011758927169418
 1.586911545197472  0.1800  230.000040916161907 0.000585979965475 0.000019192708464 0.000033682933785 9999.999998707577106  0.011728039594957
 1.586948470781159  0.2000  230.000048122183017 0.000663121694240 0.000026634154011 0.000045817863240 9999.999997945336872  1.587003365875263  0.011697475259785
 0.2200  230.000055978088170 0.000719679504282 0.000035422401072 0.000059331794784 9999.999996929431290  0.011667304303605
 1.587079686096157  0.2400  230.000064462381204 0.000751345786410 0.000045543204847 0.000073780234343 9999.999995635478626  0.011637584812953
 1.587180293948856  0.2600  230.000073546762422 0.000754319282152 0.000056972273712 0.000088636748893 9999.999994048614099  0.011608361682802
 1.587307365211608  0.2800  230.000083198328269 0.000725162796412 0.000069678892514 0.000103301883420 9999.999992165065123  0.011579666885473
 1.587462382324282  0.3000  230.000093380996532 0.000660711972891 0.000083628140547 0.000117109652209 9999.999989993553754  1.587646189151740  0.011551520689619
 0.3200  230.000104056417229 0.000558022179552 0.000098782238025 0.000129332526503 9999.999987556591805  0.011523933409261
 1.587859081754125  0.3400  230.000115184558751 0.000414340202530 0.000115101393866 0.000139185573487 9999.999984891675922  0.011496907341143
 1.588100914037152  0.3600  230.000126724096219 0.000227090078967 0.000132544387061 0.000145830154295 9999.999982052413543  0.011470438646568
 1.588371202903536  0.3800  230.000138632680034 -0.000006134265023 0.000151069010610 0.000148377401787 9999.999979109561536  0.011444519028050
 1.588669223191650  0.4000  230.000150867128440 -0.000287573957912 0.000170632440245 0.000145891576024 9999.999976152017553  1.588994087424353  0.011419137128177
 0.4200  230.000163383569031 -0.000619309921188 0.000191191552395 0.000137393325895 9999.999973287720422  0.011394279633827
 1.589344808891777  0.4400  230.000176137541359 -0.001003268223242 0.000212703197785 0.000121862852792 9999.999970644508721  0.011369932104541
 1.589720348883270  0.4600  230.000189084068808 -0.001441226103097 0.000235124430839 0.000098242962682 9999.999968370895658  0.011346079563333
 1.590119650162840  0.4800  230.000202177704807 -0.001934818385118 0.000258412694860 0.000065441994818 9999.999966636809404  0.011322706895711
 1.590541659308887  0.5000  230.000215372557847 -0.002485543932972 0.000282525965044 0.000022336621840 9999.999965634246109  1.590985340562374  0.011299799102356
 0.5200  230.000228622300170 -0.003094771850012 0.000307422853625 -0.000032225477327 9999.999965577897456  0.011277341445985
 1.591449683557127  0.5400  230.000241880163856 -0.003763747239233 0.000333062683067 -0.000099423065183 9999.999966705694533  0.011255319525896
 1.591933706897939  0.5600  230.000255098928562 -0.004493596440591 0.000359405533799 -0.000180458904524 9999.999969279331708  0.011233719306263
 1.592436459112137  0.5800  230.000268230903743 -0.005285331745771 0.000386412272817 -0.000276557417978 9999.999973584728650  0.011212527117277
 1.592957018090728  0.6000  230.000281227908516 -0.006139855642765 0.000414044568746 -0.000388962438169 9999.999979932435963  1.593494489788640  0.011191729642461
 0.6200  230.000294041250783 -0.007057964669503 0.000442264897904 -0.000518935039708 9999.999988658018992  0.011171313900761
 1.594048006680121  0.6400  230.000306621707296 -0.008040352962290 0.000471036544867 -0.000667751445876 10000.000000122377969  0.011151267228623
 1.594616726261961  0.6600  230.000318919505503 -0.009087615578872 0.000500323599969 -0.000836701004535 10000.000014712040866  0.011131577264775
 1.595199829755156  0.6800  230.000330884307829 -0.010200251662678 0.000530090955395 -0.001027084229294 10000.000032839408959  0.011112231938843
 1.595796521061672  0.7000  230.000342465198173 -0.011378667499843 0.000560304300800 -0.001240210903170 10000.000054942964198  1.596406025976643  0.011093219463909
 0.7200  230.000353610671596 -0.012623179505614 0.000590930118972 -0.001477398242878 10000.000081487443822  0.011074528332572
 1.597027591625372  0.7400  230.000364268626043 -0.013934017163900 0.000621935681694 -0.001739969122587 10000.000112963976790  0.011056147315816
 1.597660486081455  0.7600  230.000374386356697 -0.015311325933803 0.000653289045792 -0.002029250356228 10000.000149890180182  0.011038065463945
 1.598303998119859  0.7800  230.000383910552785 -0.016755170129603 0.000684959049258 -0.002346571037850 10000.000192810224689  0.011020272108862
 1.598957437062632  0.8000  230.000392787295908 -0.018265535775512 0.000716915307278 -0.002693260939410 10000.000242294876443  1.599620132681426  0.011002756867101
 0.8200  230.000400962060894 -0.019842333433692 0.000749128208023 -0.003070648965558 10000.000298941487927  0.010985509643129
 1.600291435128595  0.8400  230.000408379718124 -0.021485401002106 0.000781568908060 -0.003480061664796 10000.000363373974324  0.010968520632550
 1.600970714875794  0.8600  230.000414984537684 -0.023194506478388 0.000814209327297 -0.003922821796420 10000.000436242758951  0.010951780324963
 1.601657362645301  0.8800  230.000420720194768 -0.024969350685545 0.000847022143373 -0.004400246952499 10000.000518224678672  0.010935279506293
 1.602350789324025  0.9000  230.000425529777345 -0.026809569956066 0.000879980785486 -0.004913648234120 10000.000610022880210  1.603050425854764  0.010919009260510
 0.9200  230.000429355794324 -0.028714738771008 0.000913059427617 -0.005464328981022 10000.000712366672815  0.010902960970669
 1.603755723101367  0.9400  230.000432140185893 -0.030684372351701 0.000946232981191 -0.006053583553727 10000.000826011370009  0.010887126319264
 1.604466151687139  0.9600  230.000433824334692 -0.032717929201882 0.000979477087172 -0.006682696167151 10000.000951738096774  0.010871497287917
 1.605181201806927  0.9800  230.000434349078745 -0.034814813598697 0.001012768107640 -0.007352939774765 10000.001090353576728  0.010856066156410
 1.605900383014104  1.0000  230.000433654725413 -0.036974378031557 0.001046083116890 -0.008065575002187 10000.001242689908395  1.606623223984235  0.010840825501109
 1.0200  230.000431681066260 -0.039195925587782 0.001079399892087 -0.008821849129218 10000.001409604299624  0.010825768192826
 1.607349272257665  1.0400  230.000428367393880 -0.041478712284853 0.001112696903532 -0.009622995119243 10000.001591978796569  0.010810887394144
 1.608078093962831  1.0600  230.000423652519316 -0.043821949348663 0.001145953304570 -0.010470230694890 10000.001790719994460  0.010796176556264
 1.608809273522511  1.0800  230.000417474790396 -0.046224805437779 0.001179148921190 -0.011364757458908 10000.002006758722928  0.010781629415414
 1.609542413344941  1.1000  230.000409772112050 -0.048686408813849 0.001212264241365 -0.012307760059155 10000.002241049718577  1.610277133501594  0.010767239988850
 1.1200  230.000400481966466 -0.051205849458015 0.001245280404145 -0.013300405396629 10000.002494571277566  0.010753002570494
 1.611013071393390  1.1400  230.000389541435254 -0.053782181133851 0.001278179188568 -0.014343841875476 10000.002768324897261  0.010738911726247
 1.611749881406716  1.1600  230.000376887221734 -0.056414423396964 0.001310943002403 -0.015439198693864 10000.003063334899707  0.010724962289003
 1.612487234560948  1.1800  230.000362455674946 -0.059101563551751 0.001343554870763 -0.016587585174722 10000.003380648044185  0.010711149353397
 1.613224818148563  1.2000  230.000346182813587 -0.061842558555655 0.001375998424618 -0.017790090135228 10000.003721333123394  1.613962335369188  0.010697468270323
 1.2200  230.000328004351417 -0.064636336871594 0.001408257889227 -0.019047781294035 10000.004086480545084  0.010683914641242
 1.614699504958727  1.2400  230.000307855723293 -0.067481800268938 0.001440318072533 -0.020361704715198 10000.004477201915506  0.010670484312309
 1.615436060814555  1.2600  230.000285672111687 -0.070377825573802 0.001472164353519 -0.021732884287750 10000.004894629591945  0.010657173368345
 1.616171751617857  1.2800  230.000261388473888 -0.073323266369167 0.001503782670565 -0.023162321239967 10000.005339916244338  0.010643978126680
 1.616906340453884  1.3000  230.000234939570163 -0.076316954645648 0.001535159509820 -0.024650993687269 10000.005814234393256  1.617639604431177  0.010630895130881
 1.3200  230.000206259992240 -0.079357702403556 0.001566281893608 -0.026199856212806 10000.006318775942418  0.010617921144394
 1.618371334300384  1.3400  230.000175284191982 -0.082444303206925 0.001597137368882 -0.027809839479755 10000.006854751713036  0.010605053144119
 1.619101334073483  1.3600  230.000141946511150 -0.085575533690504 0.001627713995750 -0.029481849874371 10000.007423390956319  0.010592288313935
 1.619829420644069  1.3800  230.000106181211294 -0.088750155020346 0.001658000336070 -0.031216769178845 10000.008025940865991  0.010579624038190
 1.620555423409487  1.4000  230.000067922503916 -0.091966914308795 0.001687985442154 -0.033015454273066 10000.008663666085340  1.621279183895176  0.010567057895178
 1.4200  230.000027104581193 -0.095224545984850 0.001717658845563 -0.034878736864368 10000.009337848210635  0.010554587650620
 1.622000555382005  1.4400  229.999983661646866 -0.098521773120709 0.001747010546027 -0.036807423244366 10000.010049785272713  0.010542211251154
 1.622719402536886  1.4600  229.999937527947225 -0.101857308715237 0.001776031000483 -0.038802294072042 10000.010800791249494  0.010529926817858
 1.623435601047366  1.4800  229.999888637802997 -0.105229856935511 0.001804711112255 -0.040864104182195 10000.011592195527555  0.010517732639812
 1.624149037260439  1.5000  229.999836925640238 -0.108638114316951 0.001833042220371 -0.042993582418418 10000.012425342400093  1.624859607826029  0.010505627167718
 1.5200  229.999782326022512 -0.112080770923312 0.001861016089025 -0.045191431489823 10000.013301590541232  0.010493609007576
 1.625567219345425  1.5400  229.999724773682374 -0.115556511467153 0.001888624897199 -0.047458327850655 10000.014222312482161  0.010481676914443
 1.626271788025143  1.5600  229.999664203553351 -0.119064016391764 0.001915861228440 -0.049794921602073 10000.015188894083622  0.010469829786266
 1.626973239336320  1.5800  229.999600550801688 -0.122601962915473 0.001942718060800 -0.052201836415285 10000.016202734013859  0.010458066657814
 1.627671507679928  1.6000  229.999533750858177 -0.126169026039143 0.001969188756944 -0.054679669475309 10000.017265243215661  1.628366536058079  0.010446386694702
 1.6200  229.999463739449851 -0.129763879517803 0.001995267054428 -0.057228991444644 10000.018377844375209  0.010434789187528
 1.629058275751619  1.6400  229.999390452631729 -0.133385196797235 0.002020947056144 -0.059850346446102 10000.019541971392755  0.010423273546108
 1.629746686003963  1.6600  229.999313826818195 -0.137031651916379 0.002046223220941 -0.062544252064153 10000.020759068853295  0.010411839293846
 1.630431733711603  1.6800  229.999233798814458 -0.140701920376474 0.002071090354422 -0.065311199364058 10000.022030591491784  0.010400486062206
 1.631113393121117  1.7000  229.999150305847763 -0.144394679977704 0.002095543599913 -0.068151652928171 10000.023358003669273  1.631791645533046  0.010389213585322
 1.7200  229.999063285598169 -0.148108611624155 0.002119578429602 -0.071066050908734 10000.024742778836298  0.010378021694727
 1.632466479012336  1.7400  229.998972676229272 -0.151842400098035 0.002143190635866 -0.074054805096556 10000.026186399009021  0.010366910314222
 1.633137888105703  1.7600  229.998878416418705 -0.155594734803785 0.002166376322753 -0.077118301004968 10000.027690354247170  0.010355879454872
 1.633805873565890  1.7800  229.998780445388178 -0.159364310483062 0.002189131897654 -0.080256897968439 10000.029256142121085  0.010344929210133
 1.634470442082577  1.8000  229.998678702933177 -0.163149827901137 0.002211454063137 -0.083470929255282 10000.030885267191479  1.635131606020284  0.010334059751128
 1.8200  229.998573129452581 -0.166949994505764 0.002233339808949 -0.086760702193908 10000.032579240489213  0.010323271322046
 1.635789383162968  1.8400  229.998463665977255 -0.170763525058886 0.002254786404191 -0.090126498312041 10000.034339579000516  0.010312564235688
 1.636443796465411  1.8600  229.998350254199067 -0.174589142242363 0.002275791389658 -0.093568573488395 10000.036167805148580  0.010301938869145
 1.637094873811294  1.8800  229.998232836498858 -0.178425577238027 0.002296352570340 -0.097087158116258 10000.038065446280598  0.010291395659615
 1.637742647777977  1.9000  229.998111355974203 -0.182271570282982 0.002316468008081 -0.100682457278522 10000.040034034162090  1.638387155407742  0.010280935100356
 1.9200  229.997985756466591 -0.186125871200785 0.002336136014405 -0.104354650933619 10000.042075104474861  0.010270557736777
 1.639028437985582  1.9400  229.997855982588362 -0.189987239909192 0.002355355143489 -0.108103894111922 10000.044190196309501  0.010260264162656
 1.639666540823391  1.9600  229.997721979748945 -0.193854446905094 0.002374124185291 -0.111930317122137 10000.046380851672438  0.010250055016503
 1.640301513050412  1.9800  229.997583694180236 -0.197726273727200 0.002392442158831 -0.115834025767210 10000.048648614992999  0.010239930978040
 1.640933407409928
