# File generated with the following command
# /home/erk/local/RTAS/bin/lsmc_run-nort -l /home/erk/workspace/schedmcore-RTAS2014/Case_Study_RTAS/prelude/b/libassemblage_v41-noencoding.so -c 1 -b 1000 -m 20000 -v 0
# Column headers are:
#   - T: simulation time [s]
#   - Va: airspeed [m/s]
#   - az: normal acceleration [m/s^2]
#   - q: pitch rate [rad/s]
#   - Vz: vertical speed [m/s]
#   - h: altitude [m]
#   - delta_th_c: commanded throttle [-]
#   - delta_e_c: commanded elevator deflection [rad]
# 
# T       Va                  Az                q                 Vz                h                     delta_th_c         delta_e_c 
#  0.0000  230.000000000000028 0.000006963226284 0.000000000000000 0.000000000000000 10000.000000000000000  0.012009615652468
 1.586866079492600  0.0200  230.000003501089509 0.000006572640114 0.000000070312166 0.000000043907528 9999.999999999659849  0.012009611308104
 1.586866091903903  0.0400  230.000007001555275 0.000006007523712 0.000000139997875 0.000000078702109 9999.999999998504791  0.012009609162333
 1.586866226474139  0.0600  230.000010501149603 0.000005272305403 0.000000209029248 0.000000100926790 9999.999999996742190  0.012009614402673
 1.586866575072099  0.0800  230.000013999640828 0.000004372861786 0.000000277398357 0.000000107233493 9999.999999994650352  0.012009626056261
 1.586867163748667  0.1000  230.000017496821641 0.000003310533504 0.000000345106705 0.000000094361828 9999.999999992569428  0.012009642552017
 1.586867976660924  0.1200  230.000020992493859 0.000002082149887 0.000000412113695 0.000000059037053 9999.999999990910510  0.011978295688740
 1.586868974745916  0.1400  230.000024486456567 0.000000684765158 0.000000478308969 -0.000000002083273 9999.999999990146534  0.011946951829483
 1.586870109178919  0.1600  230.000027981344601 0.000005252685964 0.000000549105538 -0.000000081437905 9999.999999990817741  0.011915610255418
 1.586871330224627  0.1800  230.000031551119832 0.000035253398222 0.000000769943314 0.000000102600787 9999.999999991856384  0.011884264011636
 1.586872615241691  0.2000  230.000035342320359 0.000094376338264 0.000001427924548 0.000001102869168 9999.999999984007445  0.011852897611874
 1.586874221636693  0.2200  230.000039505358359 0.000177293894732 0.000002817472395 0.000003466838922 9999.999999946692697  0.011821513318501
 1.586877149748993  0.2400  230.000044162886610 0.000275271576379 0.000005180145853 0.000007604188510 9999.999999849300366  0.011790145975960
 1.586883418334098  0.2600  230.000049400875696 0.000379135211970 0.000008689183434 0.000013744425402 9999.999999654355634  0.011758858383904
 1.586896019832318  0.2800  230.000055270831581 0.000480582011546 0.000013455409112 0.000021939819180 9999.999999321145879  0.011727729301004
 1.586918634168097  0.3000  230.000061796264248 0.000572556450130 0.000019540746070 0.000032086501773 9999.999998809120370  0.011696842095108
 1.586955235516849  0.3200  230.000068979754047 0.000649174427645 0.000026972205100 0.000043949095120 9999.999998080835212  0.011666276409118
 1.587009707307988  0.3400  230.000076809009329 0.000705484139656 0.000035753366299 0.000057182298288 9999.999997104403519  0.011636102791998
 1.587085536827820  0.3600  230.000085261460356 0.000737212794320 0.000045872664834 0.000071347471852 9999.999995855565430  0.011606379746393
 1.587185618169635  0.3800  230.000094307482840 0.000740561415396 0.000057308853989 0.000085924501415 9999.999994319463440  0.011577152662089
 1.587312161388292  0.4000  230.000103912548383 0.000712062425386 0.000070034367986 0.000100320055418 9999.999992492201272  0.011548454141237
 1.587466688185648  0.4200  230.000114038619785 0.000648492588963 0.000084017298975 0.000113873449667 9999.999990382259057  0.011520305242902
 1.587650087844019  0.4400  230.000124645054086 0.000546826426719 0.000099222551881 0.000125861111629 9999.999988011817550  0.011492717224834
 1.587862707800848  0.4600  230.000135689204569 0.000404215195426 0.000115612562371 0.000135500333940 9999.999985417969583  0.011465693446323
 1.588104457847425  0.4800  230.000147126843757 0.000217979625663 0.000133147809767 0.000141952730831 9999.999982653886036  0.011439231197437
 1.588374912914083  0.5000  230.000158912479776 -0.000014391598224 0.000151787245221 0.000144327604863 9999.999979789905410  0.011413323314954
 1.588673405172697  0.5200  230.000170999605331 -0.000295242298487 0.000171488684764 0.000141685298094 9999.999976914548824  0.011387959521406
 1.588999100920239  0.5400  230.000183340897053 -0.000626750430699 0.000192209178282 0.000133040528584 9999.999974135485900  0.011363127477318
 1.589351061129790  0.5600  230.000195888374435 -0.001010931535445 0.000213905348744 0.000117365681851 9999.999971580407873  0.011338813569895
 1.589728286730204  0.5800  230.000208593523126 -0.001449643822401 0.000236533692260 0.000093594021257 9999.999969397857058  0.011315003478368
 1.590129750830666  0.6000  230.000221407385311 -0.001944594344357 0.000260050832040 0.000060622788387 9999.999967757987179  0.011291682561620
 1.590554420522510  0.6200  230.000234280621868 -0.002497345670793 0.000284413724027 0.000017316176000 9999.999966853256410  0.011268836111867
 1.591001270830327  0.6400  230.000247163550256 -0.003109322574776 0.000309579816288 -0.000037491832662 9999.999966899078572  0.011246449512360
 1.591469293061932  0.6600  230.000260006163273 -0.003781818404468 0.000335507167394 -0.000104994755850 9999.999968134387018  0.011224508329708
 1.591957499374646  0.6800  230.000272758132837 -0.004516000961821 0.000362154530653 -0.000186411028884 9999.999970822182149  0.011202998364039
 1.592464924935560  0.7000  230.000285368803674 -0.005312917831510 0.000389481411435 -0.000282981532925 9999.999975250004354  0.011181905673673
 1.592990628660170  0.7200  230.000297787179903 -0.006173501183634 0.000417448104353 -0.000395967226182 9999.999981730366926  0.011161216585645
 1.593533693193185  0.7400  230.000309961908272 -0.007098572119371 0.000446015716051 -0.000526646867527 9999.999990601134414  0.011140917699321
 1.594093224551066  0.7600  230.000321841259051 -0.008088844646601 0.000475146178220 -0.000676314824092 10000.000002225877324  0.011120995887445
 1.594668351670819  0.7800  230.000333373107480 -0.009144929372118 0.000504802254235 -0.000846278956133 10000.000016994146790  0.011101438296931
 1.595258225991969  0.8000  230.000344504915603 -0.010267336986463 0.000534947541847 -0.001037858574139 10000.000035321747418  0.011082232350461
 1.595862021124700  0.8200  230.000355183716295 -0.011456481602012 0.000565546473514 -0.001252382464494 10000.000057650939198  0.011063365749165
 1.596478932613390  0.8400  230.000365356098598 -0.012712683988958 0.000596564315336 -0.001491186981144 10000.000084450621216  0.011044826476292
 1.597108177783581  0.8600  230.000374968195700 -0.014036174739900 0.000627967165140 -0.001755614201497 10000.000116216464448  0.011026602801570
 1.597748995650724  0.8800  230.000383965674587 -0.015427097382027 0.000659721949975 -0.002047010145247 10000.000153471011799  0.011008683285920
 1.598400646868187  0.9000  230.000392293728112 -0.016885511447377 0.000691796423088 -0.002366723055204 10000.000196763747226  0.010991056786209
 1.599062413694095  0.9200  230.000399897069002 -0.018411395505634 0.000724159160396 -0.002716101739301 10000.000246671126661  0.010973712459785
 1.599733599960816  0.9400  230.000406719925508 -0.020004650160242 0.000756779556389 -0.003096493973041 10000.000303796576191  0.010956639768605
 1.600413531035185  0.9600  230.000412706039214 -0.021665101006120 0.000789627819437 -0.003509244961664 10000.000368770464775  0.010939828482801
 1.601101553760882  0.9800  230.000417798664500 -0.023392501546519 0.000822674966443 -0.003955695861196 10000.000442250029664  0.010923268683626
 1.601797036378069  1.0000  230.000421940569510 -0.025186536065942 0.000855892816826 -0.004437182357592 10000.000524919296367  0.010906950765695
 1.602499368417111  1.0200  230.000425074038958 -0.027046822456203 0.000889253985833 -0.004955033303031 10000.000617488956777  0.010890865438539
 1.603207960565396  1.0400  230.000427140878287 -0.028972914993279 0.000922731877183 -0.005510569408427 10000.000720696220014  0.010875003727442
 1.603922244506951  1.0600  230.000428082419404 -0.030964307062355 0.000956300675075 -0.006105101991135 10000.000835304637803  0.010859356973599
 1.604641672735761  1.0800  230.000427839527987 -0.033020433829778 0.000989935335586 -0.006739931776825 10000.000962103911661  0.010843916833598
 1.605365718343924  1.1000  230.000426352611953 -0.035140674860127 0.001023611577507 -0.007416347754420 10000.001101909672798  0.010828675278282
 1.606093874786046  1.1200  230.000423561631749 -0.037324356677564 0.001057305872652 -0.008135626083028 10000.001255563238374  0.010813624590995
 1.606825655621433  1.1400  230.000419406111405 -0.039570755270653 0.001090995435696 -0.008899029049696 10000.001423931345926  0.010798757365276
 1.607560594235959  1.1600  230.000413825151355 -0.041879098540019 0.001124658213574 -0.009707804076911 10000.001607905865967  0.010784066502013
 1.608298243545245  1.1800  230.000406757442221 -0.044248568688634 0.001158272874498 -0.010563182778641 10000.001808403501855  0.010769545206116
 1.609038175680637  1.2000  230.000398141280016 -0.046678304554362 0.001191818796638 -0.011466380063811 10000.002026365466008  0.010755186982724
 1.609779981659909  1.2200  230.000387914582433 -0.049167403884953 0.001225276056487 -0.012418593286037 10000.002262757141580  0.010740985633002
 1.610523271044120  1.2400  230.000376014906237 -0.051714925555347 0.001258625416986 -0.013421001438462 10000.002518567713196  0.010726935249543
 1.611267671582153  1.2600  230.000362379465741 -0.054319891727530 0.001291848315412 -0.014474764392561 10000.002794809812258  0.010713030211428
 1.612012828844567  1.2800  230.000346945152387 -0.056981289953310 0.001324926851087 -0.015581022179735 10000.003092519116763  0.010699265178961
 1.612758405847879  1.3000  230.000329648555322 -0.059698075220242 0.001357843772941 -0.016740894314602 10000.003412753952944  0.010685635088121
 1.613504082670898  1.3200  230.000310425982804 -0.062469171941228 0.001390582466950 -0.017955479158783 10000.003756594876904  0.010672135144756
 1.614249556064291  1.3400  230.000289213484649 -0.065293475888236 0.001423126943485 -0.019225853324132 10000.004125144252612  0.010658760818554
 1.614994539054435  1.3600  230.000265946875402 -0.068169856070774 0.001455461824609 -0.020553071114235 10000.004519525809883  0.010645507836806
 1.615738760542966  1.3800  230.000240561758432 -0.071097156559690 0.001487572331337 -0.021938164003124 10000.004940884193275  0.010632372178011
 1.616481964902867  1.4000  230.000212993550747 -0.074074198257073 0.001519444270881 -0.023382140150074 10000.005390384500060  0.010619350065324
 1.617223911572296  1.4200  230.000183177508433 -0.077099780612841 0.001551064023923 -0.024885983949442 10000.005869211820027  0.010606437959881
 1.617964374646939  1.4400  230.000151048752798 -0.080172683288968 0.001582418531911 -0.026450655614480 10000.006378570744346  0.010593632554037
 1.618703142471889  1.4600  230.000116542297405 -0.083291667772032 0.001613495284419 -0.028077090794058 10000.006919684887180  0.010580930764514
 1.619440017233918  1.4800  230.000079593074929 -0.086455478934974 0.001644282306576 -0.029766200221299 10000.007493796385461  0.010568329725500
 1.620174814554689  1.5000  230.000040135965520 -0.089662846549025 0.001674768146589 -0.031518869393102 10000.008102165405944  0.010555826781710
 1.620907363086005  1.5200  229.999998105824830 -0.092912486746508 0.001704941863370 -0.033335958279547 10000.008746069634071  0.010543419481427
 1.621637504107455  1.5400  229.999953437512914 -0.096203103435730 0.001734793014275 -0.035218301062248 10000.009426803761016  0.010531105569543
 1.622365091127158  1.5600  229.999906065923255 -0.099533389668609 0.001764311642992 -0.037166705900641 10000.010145678968911  0.010518882980616
 1.623089989486271  1.5800  229.999855926012316 -0.102902028962207 0.001793488267553 -0.039181954725337 10000.010904022399700  0.010506749831953
 1.623812075967665  1.6000  229.999802952829299 -0.106307696575071 0.001822313868512 -0.041264803057559 10000.011703176644005  0.010494704416741
 1.624531238409286  1.6200  229.999747081546190 -0.109749060739347 0.001850779877277 -0.043415979853814 10000.012544499200885  0.010482745197232
 1.625247375322596  1.6400  229.999688247487796 -0.113224783849608 0.001878878164621 -0.045636187374893 10000.013429361948511  0.010470870797996
 1.625960395516634  1.6600  229.999626386162362 -0.116733523609588 0.001906601029357 -0.047926101078361 10000.014359150609380  0.010459079999256
 1.626670217727789  1.6800  229.999561433291859 -0.120273934137495 0.001933941187207 -0.050286369533682 10000.015335264211899  0.010447371730309
 1.627376770255804  1.7000  229.999493324842717 -0.123844667031197 0.001960891759854 -0.052717614359169 10000.016359114555598  0.010435745063046
 1.628079990606235  1.7200  229.999421997056288 -0.127444372394034 0.001987446264182 -0.055220430179965 10000.017432125670894  0.010424199205579
 1.628779825139545  1.7400  229.999347386479627 -0.131071699822416 0.002013598601722 -0.057795384606257 10000.018555733277026  0.010412733495983
 1.629476228727094  1.7600  229.999269429995962 -0.134725299355994 0.002039343048282 -0.060443018230992 10000.019731384243642  0.010401347396155
 1.630169164414130  1.7800  229.999188064855190 -0.138403822391586 0.002064674243784 -0.063163844646328 10000.020960536043276  0.010390040485800
 1.630858603090085  1.8000  229.999103228704371 -0.142105922561539 0.002089587182306 -0.065958350478117 10000.022244656229304  0.010378812456548
 1.631544523166067  1.8200  229.999014859618029 -0.145830256577778 0.002114077202318 -0.068826995437709 10000.023585221879330  0.010367663106208
 1.632226910259845  1.8400  229.998922896127993 -0.149575485042174 0.002138139977121 -0.071770212390390 10000.024983719062220  0.010356592333159
 1.632905756888289  1.8600  229.998827277253611 -0.153340273224382 0.002161771505493 -0.074788407439808 10000.026441642306963  0.010345600130882
 1.633581062167291  1.8800  229.998727942531275 -0.157123291807856 0.002184968102531 -0.077881960027715 10000.027960494060608  0.010334686582641
 1.634252831519240  1.9000  229.998624832043618 -0.160923217605079 0.002207726390695 -0.081051223048417 10000.029541784166213  0.010323851856304
 1.634921076388088  1.9200  229.998517886448980 -0.164738734242778 0.002230043291048 -0.084296522977313 10000.031187029315333  0.010313096199316
 1.635585813961933  1.9400  229.998407047009948 -0.168568532818030 0.002251916014692 -0.087618160012918 10000.032897752544159  0.010302419933821
 1.636247066903044  1.9600  229.998292255621834 -0.172411312526025 0.002273342054404 -0.091016408231813 10000.034675482687817  0.010291823451930
 1.636904863085422  1.9800  229.998173454840668 -0.176265781260380 0.002294319176455 -0.094491515755951 10000.036521753876514  0.010281307211143
 1.637559235339682
